Summary Results:
                    mean      se_mean          sd        2.5%          25%          50%
alpha         0.66584073 0.0031483233  0.09229292   0.4737577   0.60743872   0.66759511
delta       -52.41195161 0.3145214558  9.17973196 -70.7619716 -58.48994271 -52.00698159
epsilon[1]   60.17088152 0.5253806953 13.53690600  33.0840931  51.11294892  60.06148013
epsilon[2]  -18.33436196 0.1566039609  3.84618493 -25.4543592 -20.95858950 -18.47641639
epsilon[3]   21.99079336 0.1575216271  5.03216564  11.9597964  18.59694491  21.92313479
mu[1]         0.66026750 0.0007094346  0.02071739   0.6162728   0.64735632   0.66096446
mu[2]         0.66026750 0.0007094346  0.02071739   0.6162728   0.64735632   0.66096446
mu[3]         0.66026750 0.0007094346  0.02071739   0.6162728   0.64735632   0.66096446
mu[4]         0.66026750 0.0007094346  0.02071739   0.6162728   0.64735632   0.66096446
mu[5]         0.66026750 0.0007094346  0.02071739   0.6162728   0.64735632   0.66096446
mu[6]         0.66026750 0.0007094346  0.02071739   0.6162728   0.64735632   0.66096446
mu[7]         0.66026750 0.0007094346  0.02071739   0.6162728   0.64735632   0.66096446
mu[8]         0.66026750 0.0007094346  0.02071739   0.6162728   0.64735632   0.66096446
mu[9]         0.66026750 0.0007094346  0.02071739   0.6162728   0.64735632   0.66096446
mu[10]        0.66026750 0.0007094346  0.02071739   0.6162728   0.64735632   0.66096446
mu[11]        0.66026750 0.0007094346  0.02071739   0.6162728   0.64735632   0.66096446
mu[12]        0.66026750 0.0007094346  0.02071739   0.6162728   0.64735632   0.66096446
mu[13]        0.66026750 0.0007094346  0.02071739   0.6162728   0.64735632   0.66096446
mu[14]        0.66026750 0.0007094346  0.02071739   0.6162728   0.64735632   0.66096446
mu[15]        0.66026750 0.0007094346  0.02071739   0.6162728   0.64735632   0.66096446
mu[16]        0.66026750 0.0007094346  0.02071739   0.6162728   0.64735632   0.66096446
phi[1]        1.24357111 0.0148724052  0.38444839   0.6780613   0.96757391   1.17697301
phi[2]        1.00525474 0.0045657694  0.17757068   0.7005565   0.87936271   0.99074896
phi[3]        5.63933034 0.0248858831  0.87633329   4.1350353   5.02772876   5.57628203
phi[4]        3.33109751 0.0114207425  0.42524342   2.5846205   3.04224802   3.30019501
phi[5]        3.78963529 0.0118908630  0.46801180   2.9579125   3.45528652   3.76522804
phi[6]       12.70692161 0.1253064599  3.25374355   7.2608121  10.43249722  12.33695533
phi[7]        6.78821109 0.0795087358  2.27741650   3.2456235   5.13192698   6.47748163
phi[8]        5.42124336 0.0213738336  0.67685617   4.1608266   4.96351597   5.39402669
phi[9]        1.91585075 0.0157207900  0.53323134   1.0858646   1.51854923   1.85472389
phi[10]       4.88629589 0.0315907458  1.04715030   3.1478615   4.13783589   4.80740713
phi[11]       6.39303279 0.0453410877  1.30764196   4.1050958   5.47560030   6.28414675
phi[12]       4.25423212 0.0266679290  0.84340465   2.8033639   3.65649864   4.16960187
phi[13]       4.30961036 0.0223246060  0.81692025   2.9297396   3.72945420   4.23894042
phi[14]       4.88629589 0.0315907458  1.04715030   3.1478615   4.13783589   4.80740713
phi[15]       1.24357111 0.0148724052  0.38444839   0.6780613   0.96757391   1.17697301
phi[16]       5.42124336 0.0213738336  0.67685617   4.1608266   4.96351597   5.39402669
A[1]          0.81579231 0.0088040338  0.23307699   0.4637762   0.64761694   0.77748330
A[2]          0.66291478 0.0027695621  0.11425890   0.4671248   0.58287645   0.65473727
A[3]          3.71586497 0.0143651806  0.53834346   2.7768372   3.33407934   3.69008138
A[4]          2.19943385 0.0072283535  0.28883284   1.6809462   2.00201311   2.18482565
A[5]          2.49941556 0.0074806869  0.29636260   1.9890537   2.29022969   2.48190813
A[6]          8.43021089 0.0901775352  2.31982100   4.5226195   6.81239785   8.15795622
A[7]          4.51857393 0.0570876269  1.63108738   2.0203393   3.32933983   4.27007491
A[8]          3.58857433 0.0173094968  0.52650174   2.5946461   3.23255658   3.57052277
A[9]          1.27100719 0.0112370003  0.37865157   0.6832104   0.98574219   1.22707706
A[10]         3.24251692 0.0239918556  0.77528893   1.9735646   2.68269177   3.17272955
A[11]         4.24176313 0.0339753179  0.97146692   2.5516482   3.55223760   4.15318725
A[12]         2.81357526 0.0194900501  0.58613904   1.8070366   2.40500317   2.76186322
A[13]         2.84071156 0.0143862400  0.52072767   1.9653207   2.46999815   2.78701992
A[14]         3.24251692 0.0239918556  0.77528893   1.9735646   2.68269177   3.17272955
A[15]         0.81579231 0.0088040338  0.23307699   0.4637762   0.64761694   0.77748330
A[16]         3.58857433 0.0173094968  0.52650174   2.5946461   3.23255658   3.57052277
B[1]          0.42777879 0.0060940704  0.15376656   0.2140283   0.31767067   0.40014289
B[2]          0.34233996 0.0020745465  0.06848745   0.2265304   0.29449513   0.33542161
B[3]          1.92346537 0.0113609549  0.36491333   1.2939646   1.66154371   1.90099706
B[4]          1.13166366 0.0054185900  0.16092234   0.8538377   1.01970298   1.11576067
B[5]          1.29021973 0.0054011753  0.19630741   0.9372670   1.15159868   1.27956535
B[6]          4.27671072 0.0358981449  0.96615592   2.6806726   3.59124289   4.17831676
B[7]          2.26963716 0.0225540170  0.65455245   1.2168213   1.79975298   2.19051834
B[8]          1.83266903 0.0045531459  0.17812195   1.5060554   1.70691700   1.82916884
B[9]          0.64484356 0.0046819056  0.15973308   0.3835867   0.53210769   0.63072071
B[10]         1.64377897 0.0077964103  0.28223007   1.1538615   1.44031936   1.62454826
B[11]         2.15126967 0.0116166644  0.34998890   1.5242819   1.90211401   2.12873977
B[12]         1.44065686 0.0078842663  0.27623163   0.9699111   1.24274983   1.41001353
B[13]         1.46889879 0.0087249335  0.31521413   0.9332029   1.24660204   1.43888764
B[14]         1.64377897 0.0077964103  0.28223007   1.1538615   1.44031936   1.62454826
B[15]         0.42777879 0.0060940704  0.15376656   0.2140283   0.31767067   0.40014289
B[16]         1.83266903 0.0045531459  0.17812195   1.5060554   1.70691700   1.82916884
log_lik[1]   -0.52860683 0.0075021405  0.19728578  -0.9180633  -0.66373589  -0.52677802
log_lik[2]   -0.09635713 0.0045830228  0.18119845  -0.5125305  -0.20265218  -0.07374397
log_lik[3]   -1.01083051 0.0057726853  0.21036034  -1.4439604  -1.14456823  -1.00743675
log_lik[4]   -0.08978751 0.0031610866  0.08660018  -0.2535294  -0.14856797  -0.09049837
log_lik[5]    0.29120347 0.0024482007  0.08698988   0.1133339   0.23335904   0.29376353
log_lik[6]    1.07092438 0.0057992061  0.14433286   0.7644909   0.98184436   1.07421484
log_lik[7]    0.69746675 0.0048881953  0.13737869   0.4160955   0.60767243   0.69617642
log_lik[8]    0.57971131 0.0016041676  0.05638190   0.4636907   0.54204131   0.58291810
log_lik[9]    0.72788927 0.0024625074  0.06339504   0.5917211   0.69078960   0.73056932
log_lik[10]   0.63697004 0.0037937618  0.11519047   0.4043237   0.55885419   0.63665624
log_lik[11]   0.74682847 0.0042647441  0.11914968   0.4977993   0.66796598   0.74873897
log_lik[12]   0.01169499 0.0025757015  0.08880308  -0.1667340  -0.04945434   0.01402888
log_lik[13]   0.57034407 0.0024671405  0.08531053   0.3939961   0.51362681   0.57194823
log_lik[14]   0.63129489 0.0037016248  0.11099516   0.4052923   0.55784206   0.63045017
log_lik[15]  -0.56134323 0.0067096602  0.17656733  -0.9132232  -0.68216399  -0.55652908
log_lik[16]  -0.38462465 0.0057999541  0.24874983  -0.8831942  -0.54417674  -0.37817428
likel         3.29277778 0.0036455844  0.09872282   3.0570134   3.24459907   3.31384446
EAIC          3.41444443 0.0072911688  0.19744564   3.1492727   3.27357772   3.37231108
EBIC          7.27738805 0.0072911688  0.19744564   7.0122163   7.13652133   7.23525469
lp__         52.30968195 0.0579563058  1.57654333  48.5128510  51.54137991  52.63338630
                     75%        97.5%     n_eff      Rhat
alpha         0.72820738   0.84205368  859.3659 1.0012088
delta       -46.15652956 -35.06473596  851.8428 0.9996521
epsilon[1]   69.16989206  86.10487624  663.8816 1.0005163
epsilon[2]  -15.85608842 -10.48686641  603.1910 1.0010064
epsilon[3]   25.42048484  31.68282547 1020.5387 1.0006098
mu[1]         0.67441177   0.69889757  852.7962 1.0012845
mu[2]         0.67441177   0.69889757  852.7962 1.0012845
mu[3]         0.67441177   0.69889757  852.7962 1.0012845
mu[4]         0.67441177   0.69889757  852.7962 1.0012845
mu[5]         0.67441177   0.69889757  852.7962 1.0012845
mu[6]         0.67441177   0.69889757  852.7962 1.0012845
mu[7]         0.67441177   0.69889757  852.7962 1.0012845
mu[8]         0.67441177   0.69889757  852.7962 1.0012845
mu[9]         0.67441177   0.69889757  852.7962 1.0012845
mu[10]        0.67441177   0.69889757  852.7962 1.0012845
mu[11]        0.67441177   0.69889757  852.7962 1.0012845
mu[12]        0.67441177   0.69889757  852.7962 1.0012845
mu[13]        0.67441177   0.69889757  852.7962 1.0012845
mu[14]        0.67441177   0.69889757  852.7962 1.0012845
mu[15]        0.67441177   0.69889757  852.7962 1.0012845
mu[16]        0.67441177   0.69889757  852.7962 1.0012845
phi[1]        1.45055509   2.13402885  668.2111 1.0013182
phi[2]        1.11107244   1.38762233 1512.5667 0.9996189
phi[3]        6.18059871   7.49229013 1240.0309 1.0006704
phi[4]        3.59522323   4.25571996 1386.3935 0.9998923
phi[5]        4.08931359   4.74859176 1549.1264 0.9997249
phi[6]       14.67551586  19.68210885  674.2481 1.0004012
phi[7]        8.15641990  12.12246153  820.4559 1.0003085
phi[8]        5.87103898   6.81825742 1002.8314 0.9999976
phi[9]        2.23533893   3.12038712 1150.4894 0.9997016
phi[10]       5.52064346   7.22313529 1098.7485 0.9999737
phi[11]       7.20809585   9.19806347  831.7519 1.0003424
phi[12]       4.78936615   6.11799348 1000.2151 1.0003923
phi[13]       4.80817509   6.12486427 1339.0343 0.9996161
phi[14]       5.52064346   7.22313529 1098.7485 0.9999737
phi[15]       1.45055509   2.13402885  668.2111 1.0013182
phi[16]       5.87103898   6.81825742 1002.8314 0.9999976
A[1]          0.94682937   1.35098262  700.8667 1.0010494
A[2]          0.73439641   0.90460998 1701.9935 0.9996068
A[3]          4.06449608   4.84534123 1404.4190 1.0002111
A[4]          2.38184394   2.81362689 1596.6671 0.9996389
A[5]          2.69238406   3.10950231 1569.5090 0.9996007
A[6]          9.80697433  13.45597204  661.7779 1.0004386
A[7]          5.49628291   8.40071932  816.3389 1.0002731
A[8]          3.91734423   4.69383844  925.1896 1.0001673
A[9]          1.49641409   2.14102679 1135.4781 0.9997618
A[10]         3.71485088   5.00794763 1044.2380 1.0000344
A[11]         4.85691614   6.34863919  817.5776 1.0003644
A[12]         3.18403845   4.11575662  904.4309 1.0005640
A[13]         3.15378841   4.00927747 1310.1672 0.9996070
A[14]         3.71485088   5.00794763 1044.2380 1.0000344
A[15]         0.94682937   1.35098262  700.8667 1.0010494
A[16]         3.91734423   4.69383844  925.1896 1.0001673
B[1]          0.50253568   0.80175320  636.6619 1.0017094
B[2]          0.38392745   0.49951564 1089.8723 0.9998457
B[3]          2.14559350   2.72375119 1031.6913 1.0013729
B[4]          1.23012888   1.49340415  881.9828 1.0007555
B[5]          1.41574568   1.71118241 1320.9818 1.0002392
B[6]          4.89258326   6.37423525  724.3533 1.0002653
B[7]          2.65743004   3.74619733  842.2501 1.0003818
B[8]          1.95337225   2.19015101 1530.4239 0.9996288
B[9]          0.74023092   1.00206700 1163.9770 0.9996122
B[10]         1.82233843   2.26333941 1310.4401 0.9998093
B[11]         2.38191805   2.87523880  907.7070 1.0002280
B[12]         1.60519432   2.06096339 1227.5077 1.0000025
B[13]         1.66419384   2.14609493 1305.2301 0.9998202
B[14]         1.82233843   2.26333941 1310.4401 0.9998093
B[15]         0.50253568   0.80175320  636.6619 1.0017094
B[16]         1.95337225   2.19015101 1530.4239 0.9996288
log_lik[1]   -0.39534003  -0.14258581  691.5462 1.0014267
log_lik[2]    0.03597904   0.19136132 1563.1653 0.9999495
log_lik[3]   -0.86680824  -0.62425628 1327.9201 0.9997680
log_lik[4]   -0.03264310   0.08211270  750.5244 1.0017270
log_lik[5]    0.35174709   0.45570930 1262.5349 1.0001245
log_lik[6]    1.16983902   1.33230565  619.4316 1.0009757
log_lik[7]    0.79206049   0.95990442  789.8446 1.0010050
log_lik[8]    0.61913469   0.68155735 1235.3211 0.9999813
log_lik[9]    0.77060525   0.84111763  662.7588 1.0010284
log_lik[10]   0.71385180   0.86315311  921.9195 1.0006712
log_lik[11]   0.83048941   0.97533563  780.5484 1.0009656
log_lik[12]   0.07287211   0.17909913 1188.6801 0.9999424
log_lik[13]   0.62844559   0.73304318 1195.6871 0.9997268
log_lik[14]   0.70511644   0.84829748  899.1316 1.0007574
log_lik[15]  -0.43917088  -0.22053314  692.4997 1.0015031
log_lik[16]  -0.21433532   0.09022056 1839.4012 0.9998505
likel         3.36321114   3.42536363  733.3323 0.9996965
EAIC          3.51080186   3.88597330  733.3323 0.9996965
EBIC          7.37374547   7.74891691  733.3323 0.9996965
lp__         53.44878164  54.41805277  739.9637 0.9996643

WAIC and LOOIC Results:
WAIC: -6.25559 
LOOIC: -6.254139 
EAIC: 3.414444 
EBIC: 7.277388 
