Summary Results:
                     mean      se_mean           sd         2.5%          25%           50%
alpha          1.56208613 7.493309e-02 1.877233e+00   -2.0571967    0.3237591    1.59365615
delta        169.04417642 8.486572e-01 1.711424e+01  136.3007358  157.0089521  168.74848561
beta[1]        5.80547772 8.311605e-02 2.316687e+00    1.4795658    4.1942983    5.80642983
beta[2]       -4.07290752 3.495819e-02 8.154667e-01   -5.5990703   -4.5941923   -4.09573804
beta[3]       -4.05158150 1.236713e-01 2.507866e+00   -9.1479398   -5.7344510   -3.96414801
epsilon[1]  -142.29055629 7.952930e-01 1.667286e+01 -173.6498722 -153.9513065 -142.66622715
epsilon[2]    15.08432976 2.241844e-01 4.620209e+00    6.2236455   11.8689308   15.02122658
epsilon[3]   -70.60918131 4.373566e-01 9.828408e+00  -90.4122746  -77.0950100  -70.32270749
mu[1]          0.24053509 8.900893e-04 2.212128e-02    0.2019197    0.2247225    0.23850669
mu[2]          0.28187068 1.925812e-03 3.840173e-02    0.2208902    0.2542568    0.27854762
mu[3]          0.28920175 4.416253e-04 1.609441e-02    0.2587836    0.2783276    0.28884216
mu[4]          0.31839894 3.010429e-04 1.102309e-02    0.2978979    0.3110077    0.31842739
mu[5]          0.29006137 8.450236e-04 2.049477e-02    0.2544977    0.2749211    0.28848530
mu[6]          0.37215930 4.051364e-04 1.246309e-02    0.3481745    0.3640754    0.37197830
mu[7]          0.42028563 4.073903e-04 1.181668e-02    0.3982896    0.4124659    0.41998542
mu[8]          0.34446461 2.764102e-04 9.465060e-03    0.3265103    0.3380272    0.34425221
mu[9]          0.38356083 8.451018e-05 3.650031e-03    0.3759312    0.3812142    0.38363084
mu[10]         0.38430583 3.324923e-04 7.371560e-03    0.3689526    0.3795929    0.38426651
mu[11]         0.37563198 2.640221e-04 8.231446e-03    0.3599122    0.3702654    0.37543986
mu[12]         0.31636650 1.327461e-03 2.880728e-02    0.2681094    0.2953223    0.31380269
mu[13]         0.27758556 1.125267e-03 2.613346e-02    0.2336478    0.2583524    0.27532878
mu[14]         0.38430583 3.324923e-04 7.371560e-03    0.3689526    0.3795929    0.38426651
mu[15]         0.24053509 8.900893e-04 2.212128e-02    0.2019197    0.2247225    0.23850669
mu[16]         0.34446461 2.764102e-04 9.465060e-03    0.3265103    0.3380272    0.34425221
phi[1]         7.10468070 9.315815e-02 2.243964e+00    3.6744614    5.4762501    6.79506240
phi[2]        19.48377120 4.172611e-01 9.412814e+00    7.6834045   12.8060463   17.19478215
phi[3]         1.61006139 1.374001e-02 3.577962e-01    1.0009496    1.3540788    1.58637532
phi[4]        23.64152724 7.874016e-02 3.210636e+00   17.7195420   21.3925618   23.48326031
phi[5]         1.89064235 4.165497e-03 1.995368e-01    1.5159453    1.7566716    1.88417667
phi[6]         3.23016503 4.822844e-02 9.585575e-01    1.7253803    2.5105483    3.11836413
phi[7]        84.79540579 3.601299e-01 1.689646e+01   56.3258821   72.6957751   83.53446476
phi[8]        11.90795703 4.601667e-02 1.322171e+00    9.3869351   11.0278277   11.86009681
phi[9]      1341.71656635 1.973948e+01 4.615970e+02  648.4072323 1008.4678444 1269.51194698
phi[10]      101.12216131 3.109141e-01 1.426027e+01   75.3298426   91.3871797  100.58937915
phi[11]       23.26030336 1.022825e-01 3.170549e+00   17.5420798   21.1056550   23.15219451
phi[12]        2.14457277 7.609470e-03 3.586294e-01    1.4960863    1.8935881    2.12699787
phi[13]        0.54423618 2.115891e-03 8.270249e-02    0.3958413    0.4866296    0.53921838
phi[14]      101.12216131 3.109141e-01 1.426027e+01   75.3298426   91.3871797  100.58937915
phi[15]        7.10468070 9.315815e-02 2.243964e+00    3.6744614    5.4762501    6.79506240
phi[16]       11.90795703 4.601667e-02 1.322171e+00    9.3869351   11.0278277   11.86009681
A[1]           1.67716201 1.721840e-02 4.416202e-01    0.9827373    1.3588623    1.61744877
A[2]           5.22310976 8.176431e-02 1.942825e+00    2.6026436    3.8295590    4.81361532
A[3]           0.46536154 3.963846e-03 1.051632e-01    0.2848519    0.3905990    0.45883404
A[4]           7.51743505 2.362483e-02 9.785093e-01    5.6855207    6.8206171    7.47933019
A[5]           0.54791968 2.093280e-03 6.583702e-02    0.4286168    0.5015626    0.54491396
A[6]           1.20296378 1.783464e-02 3.626615e-01    0.6426254    0.9306030    1.15906486
A[7]          35.61774118 1.500175e-01 7.069547e+00   23.7840216   30.5629646   35.03058495
A[8]           4.10207400 1.696960e-02 4.712882e-01    3.2131575    3.7818985    4.08452067
A[9]         514.93810814 7.605989e+00 1.780656e+02  247.2570832  386.7410298  487.58526411
A[10]         38.83208650 1.099189e-01 5.311166e+00   29.2847342   35.2507115   38.60191293
A[11]          8.73685997 3.962109e-02 1.203429e+00    6.5613226    7.9159354    8.67643601
A[12]          0.67649519 3.162576e-03 1.180874e-01    0.4705452    0.5945605    0.66795902
A[13]          0.15132019 1.081035e-03 2.871365e-02    0.1042939    0.1307012    0.14846128
A[14]         38.83208650 1.099189e-01 5.311166e+00   29.2847342   35.2507115   38.60191293
A[15]          1.67716201 1.721840e-02 4.416202e-01    0.9827373    1.3588623    1.61744877
A[16]          4.10207400 1.696960e-02 4.712882e-01    3.2131575    3.7818985    4.08452067
B[1]           5.42751869 7.623502e-02 1.821526e+00    2.6482901    4.1133366    5.15091889
B[2]          14.26066144 3.359015e-01 7.520843e+00    4.9484477    8.9681266   12.34904771
B[3]           1.14469985 1.017369e-02 2.574629e-01    0.7098256    0.9655843    1.12377877
B[4]          16.12409219 5.652407e-02 2.278908e+00   12.0159910   14.5207324   15.98446008
B[5]           1.34272267 3.114248e-03 1.512571e-01    1.0589308    1.2359799    1.33808628
B[6]           2.02720125 3.048065e-02 5.998007e-01    1.0898841    1.5792348    1.96082407
B[7]          49.17766461 2.152665e-01 9.944172e+00   32.5312878   42.0436271   48.38373220
B[8]           7.80588303 3.018138e-02 8.720189e-01    6.1275277    7.2144970    7.77308376
B[9]         826.77845821 1.213456e+01 2.836224e+02  402.2872081  622.4634609  781.88024180
B[10]         62.29007480 2.063696e-01 9.025303e+00   45.9568497   56.2231721   61.97183606
B[11]         14.52344340 6.345510e-02 1.991292e+00   10.9548562   13.1564554   14.45775400
B[12]          1.46807758 6.293773e-03 2.645584e-01    1.0099212    1.2783491    1.45324248
B[13]          0.39291598 1.282754e-03 5.963694e-02    0.2872455    0.3521889    0.38869316
B[14]         62.29007480 2.063696e-01 9.025303e+00   45.9568497   56.2231721   61.97183606
B[15]          5.42751869 7.623502e-02 1.821526e+00    2.6482901    4.1133366    5.15091889
B[16]          7.80588303 3.018138e-02 8.720189e-01    6.1275277    7.2144970    7.77308376
log_lik[1]     0.77223110 5.697885e-03 1.414853e-01    0.4848172    0.6789140    0.77702865
log_lik[2]     1.04631132 1.631125e-02 3.304194e-01    0.4003569    0.8290855    1.04197524
log_lik[3]     1.13962703 1.417434e-03 5.195472e-02    1.0236622    1.1096023    1.14335651
log_lik[4]     0.57697210 4.281053e-03 1.536136e-01    0.2284066    0.4799719    0.59145345
log_lik[5]    -0.67427228 3.902227e-03 9.598488e-02   -0.8591654   -0.7414626   -0.67658677
log_lik[6]    -0.10463842 3.546695e-03 8.811650e-02   -0.2969180   -0.1575074   -0.09900361
log_lik[7]     1.94542637 2.651827e-03 1.079068e-01    1.7207598    1.8765320    1.94900799
log_lik[8]     1.05551951 1.898787e-03 5.643195e-02    0.9368527    1.0198354    1.05680990
log_lik[9]     3.32159505 7.661631e-03 1.861276e-01    2.9379069    3.2020918    3.32965089
log_lik[10]   -0.02210974 1.229918e-02 3.479598e-01   -0.7345562   -0.2430598   -0.01655436
log_lik[11]    1.25839408 1.931522e-03 6.501993e-02    1.1224689    1.2169159    1.26016329
log_lik[12]   -0.71591067 7.284462e-03 1.748109e-01   -1.0767523   -0.8278828   -0.71053174
log_lik[13]   -0.02940489 4.247212e-03 1.122785e-01   -0.2458674   -0.1058454   -0.03217940
log_lik[14]    1.56584377 7.418146e-03 1.556457e-01    1.2053821    1.4800741    1.58250640
log_lik[15]    0.93531738 3.851995e-03 1.220259e-01    0.6978784    0.8536752    0.94016539
log_lik[16]    1.02696199 1.616529e-03 5.258257e-02    0.9226994    0.9938989    1.02752876
likel         13.09786370 5.276601e-03 1.354208e-01   12.7497754   13.0274544   13.12072578
EAIC         -10.19572740 1.055320e-02 2.708415e-01  -10.5758016  -10.3926729  -10.24145155
EBIC          -4.01501763 1.055320e-02 2.708415e-01   -4.3950918   -4.2119631   -4.06074177
lp__         206.82535594 7.405717e-02 2.039883e+00  201.6196037  205.7233188  207.19470226
                      75%         97.5%     n_eff      Rhat
alpha          2.75423487    5.37175529  627.6092 0.9998189
delta        180.96932300  201.24063360  406.6779 1.0007408
beta[1]        7.28411656   10.57378188  776.8999 0.9999997
beta[2]       -3.54571484   -2.44323427  544.1450 1.0005955
beta[3]       -2.30974438    0.55693800  411.2166 1.0009092
epsilon[1]  -130.59343337 -109.54732859  439.5069 1.0001859
epsilon[2]    18.35669182   24.05953225  424.7296 1.0006346
epsilon[3]   -63.80799081  -52.64736304  505.0041 1.0012968
mu[1]          0.25575422    0.28660409  617.6654 1.0012570
mu[2]          0.30460103    0.36958726  397.6251 1.0021032
mu[3]          0.30042226    0.32115906 1328.1344 0.9997208
mu[4]          0.32606547    0.33993830 1340.7559 0.9996529
mu[5]          0.30373388    0.33395150  588.2315 1.0016415
mu[6]          0.38021642    0.39721075  946.3443 0.9996864
mu[7]          0.42805711    0.44372957  841.3359 1.0000305
mu[8]          0.35070684    0.36346644 1172.5696 1.0001633
mu[9]          0.38603678    0.39066518 1865.4134 0.9996054
mu[10]         0.38911432    0.39935305  491.5362 1.0002026
mu[11]         0.38112166    0.39234193  972.0125 1.0000377
mu[12]         0.33454984    0.37885825  470.9353 1.0019628
mu[13]         0.29433069    0.33539469  539.3644 1.0017754
mu[14]         0.38911432    0.39935305  491.5362 1.0002026
mu[15]         0.25575422    0.28660409  617.6654 1.0012570
mu[16]         0.35070684    0.36346644 1172.5696 1.0001633
phi[1]         8.41594742   12.35694649  580.2164 1.0006620
phi[2]        23.93400790   43.33025299  508.8891 1.0017292
phi[3]         1.83736358    2.36798217  678.1053 1.0002718
phi[4]        25.61369467   30.49973952 1662.6066 0.9996076
phi[5]         2.01820092    2.30759440 2294.6293 1.0005727
phi[6]         3.80947587    5.33448521  395.0299 1.0003328
phi[7]        95.32223462  122.51943962 2201.2684 0.9996450
phi[8]        12.75412155   14.56146516  825.5527 0.9997801
phi[9]      1599.79822456 2361.58106814  546.8328 1.0004329
phi[10]      110.05669554  130.66634099 2103.6573 0.9996173
phi[11]       25.35206072   29.75354527  960.8732 0.9997075
phi[12]        2.37066143    2.89559860 2221.1765 1.0011700
phi[13]        0.59663552    0.72041125 1527.7434 1.0001241
phi[14]      110.05669554  130.66634099 2103.6573 0.9996173
phi[15]        8.41594742   12.35694649  580.2164 1.0006620
phi[16]       12.75412155   14.56146516  825.5527 0.9997801
A[1]           1.93990005    2.67276266  657.8274 1.0003159
A[2]           6.17192796   10.16774681  564.5988 1.0014682
A[3]           0.53215783    0.68979762  703.8726 1.0002947
A[4]           8.13763663    9.57582636 1715.5065 0.9996034
A[5]           0.59080416    0.68681226  989.2039 0.9996030
A[6]           1.42365627    2.02295278  413.4986 1.0003041
A[7]          39.98583795   51.31150895 2220.7478 0.9996206
A[8]           4.40878582    5.06129787  771.3114 0.9999276
A[9]         613.67203871  912.61747585  548.0856 1.0004264
A[10]         42.14705241   50.08669180 2334.7203 0.9996004
A[11]          9.54398210   11.22459103  922.5456 0.9997717
A[12]          0.75007332    0.93869951 1394.2011 0.9998033
A[13]          0.16868081    0.21502524  705.5006 0.9996121
A[14]         42.14705241   50.08669180 2334.7203 0.9996004
A[15]          1.93990005    2.67276266  657.8274 1.0003159
A[16]          4.40878582    5.06129787  771.3114 0.9999276
B[1]           6.47239324    9.73170123  570.9019 1.0007329
B[2]          17.71784964   33.64655941  501.3132 1.0017702
B[3]           1.30518603    1.69684105  640.4304 1.0002378
B[4]          17.53527853   21.05744573 1625.4990 0.9996095
B[5]           1.43755430    1.66196358 2358.9850 1.0012305
B[6]           2.38925836    3.35721326  387.2269 1.0003407
B[7]          55.31658993   71.51753732 2133.9503 0.9996668
B[8]           8.37478275    9.58669721  834.7828 0.9997116
B[9]         985.83621154 1454.74763279  546.3021 1.0004364
B[10]         68.06729805   81.19686899 1912.6343 0.9996379
B[11]         15.80615691   18.65708065  984.7744 0.9996738
B[12]          1.64024652    2.02199619 1766.9370 1.0018424
B[13]          0.43097091    0.51914560 2161.4435 1.0007177
B[14]         68.06729805   81.19686899 1912.6343 0.9996379
B[15]          6.47239324    9.73170123  570.9019 1.0007329
B[16]          8.37478275    9.58669721  834.7828 0.9997116
log_lik[1]     0.87257846    1.03007368  616.5881 1.0004492
log_lik[2]     1.26885473    1.67771318  410.3522 1.0022981
log_lik[3]     1.17561589    1.22741356 1343.5214 0.9996003
log_lik[4]     0.68755315    0.83359945 1287.5330 0.9996048
log_lik[5]    -0.60770369   -0.48012456  605.0351 1.0016203
log_lik[6]    -0.04522041    0.05476943  617.2580 1.0000446
log_lik[7]     2.01803040    2.14750698 1655.7981 0.9996024
log_lik[8]     1.09338993    1.16231793  883.2782 0.9997113
log_lik[9]     3.45074188    3.65855430  590.1728 1.0002419
log_lik[10]    0.22034433    0.61644785  800.3972 0.9999476
log_lik[11]    1.30142859    1.38304476 1133.1668 0.9996246
log_lik[12]   -0.59381032   -0.39322345  575.8930 1.0022632
log_lik[13]    0.04827547    0.19465527  698.8523 1.0021406
log_lik[14]    1.67300967    1.82065920  440.2340 1.0005310
log_lik[15]    1.01759572    1.16322142 1003.5345 1.0004973
log_lik[16]    1.06088201    1.13112512 1058.0755 0.9996000
likel         13.19633643   13.28790081  658.6609 1.0017209
EAIC         -10.05490882   -9.49955071  658.6609 1.0017209
EBIC          -3.87419905   -3.31884093  658.6609 1.0017209
lp__         208.27261335  209.65717949  758.7108 1.0011843

WAIC and LOOIC Results:
WAIC: -25.75634 
LOOIC: -25.75439 
EAIC: -10.19573 
EBIC: -4.015018 
