Summary Results:
                   mean      se_mean         sd         2.5%          25%         50%
alpha       -0.30930097 0.0012689610 0.06429339 -0.439706472 -0.351643619 -0.30938759
delta        1.00361019 0.0016889277 0.07900806  0.843678957  0.950034318  1.00841359
mu[1]        0.42336264 0.0003093294 0.01568042  0.391810920  0.412983905  0.42326423
mu[2]        0.42336264 0.0003093294 0.01568042  0.391810920  0.412983905  0.42326423
mu[3]        0.42336264 0.0003093294 0.01568042  0.391810920  0.412983905  0.42326423
mu[4]        0.42336264 0.0003093294 0.01568042  0.391810920  0.412983905  0.42326423
mu[5]        0.42336264 0.0003093294 0.01568042  0.391810920  0.412983905  0.42326423
mu[6]        0.42336264 0.0003093294 0.01568042  0.391810920  0.412983905  0.42326423
mu[7]        0.42336264 0.0003093294 0.01568042  0.391810920  0.412983905  0.42326423
mu[8]        0.42336264 0.0003093294 0.01568042  0.391810920  0.412983905  0.42326423
mu[9]        0.42336264 0.0003093294 0.01568042  0.391810920  0.412983905  0.42326423
mu[10]       0.42336264 0.0003093294 0.01568042  0.391810920  0.412983905  0.42326423
mu[11]       0.42336264 0.0003093294 0.01568042  0.391810920  0.412983905  0.42326423
mu[12]       0.42336264 0.0003093294 0.01568042  0.391810920  0.412983905  0.42326423
mu[13]       0.42336264 0.0003093294 0.01568042  0.391810920  0.412983905  0.42326423
mu[14]       0.42336264 0.0003093294 0.01568042  0.391810920  0.412983905  0.42326423
mu[15]       0.42336264 0.0003093294 0.01568042  0.391810920  0.412983905  0.42326423
mu[16]       0.42336264 0.0003093294 0.01568042  0.391810920  0.412983905  0.42326423
phi[1]       2.73661314 0.0046060096 0.21564158  2.324904489  2.585798396  2.74124881
phi[2]       2.73661314 0.0046060096 0.21564158  2.324904489  2.585798396  2.74124881
phi[3]       2.73661314 0.0046060096 0.21564158  2.324904489  2.585798396  2.74124881
phi[4]       2.73661314 0.0046060096 0.21564158  2.324904489  2.585798396  2.74124881
phi[5]       2.73661314 0.0046060096 0.21564158  2.324904489  2.585798396  2.74124881
phi[6]       2.73661314 0.0046060096 0.21564158  2.324904489  2.585798396  2.74124881
phi[7]       2.73661314 0.0046060096 0.21564158  2.324904489  2.585798396  2.74124881
phi[8]       2.73661314 0.0046060096 0.21564158  2.324904489  2.585798396  2.74124881
phi[9]       2.73661314 0.0046060096 0.21564158  2.324904489  2.585798396  2.74124881
phi[10]      2.73661314 0.0046060096 0.21564158  2.324904489  2.585798396  2.74124881
phi[11]      2.73661314 0.0046060096 0.21564158  2.324904489  2.585798396  2.74124881
phi[12]      2.73661314 0.0046060096 0.21564158  2.324904489  2.585798396  2.74124881
phi[13]      2.73661314 0.0046060096 0.21564158  2.324904489  2.585798396  2.74124881
phi[14]      2.73661314 0.0046060096 0.21564158  2.324904489  2.585798396  2.74124881
phi[15]      2.73661314 0.0046060096 0.21564158  2.324904489  2.585798396  2.74124881
phi[16]      2.73661314 0.0046060096 0.21564158  2.324904489  2.585798396  2.74124881
A[1]         1.15830048 0.0019835874 0.09761988  0.972069714  1.093276958  1.15710018
A[2]         1.15830048 0.0019835874 0.09761988  0.972069714  1.093276958  1.15710018
A[3]         1.15830048 0.0019835874 0.09761988  0.972069714  1.093276958  1.15710018
A[4]         1.15830048 0.0019835874 0.09761988  0.972069714  1.093276958  1.15710018
A[5]         1.15830048 0.0019835874 0.09761988  0.972069714  1.093276958  1.15710018
A[6]         1.15830048 0.0019835874 0.09761988  0.972069714  1.093276958  1.15710018
A[7]         1.15830048 0.0019835874 0.09761988  0.972069714  1.093276958  1.15710018
A[8]         1.15830048 0.0019835874 0.09761988  0.972069714  1.093276958  1.15710018
A[9]         1.15830048 0.0019835874 0.09761988  0.972069714  1.093276958  1.15710018
A[10]        1.15830048 0.0019835874 0.09761988  0.972069714  1.093276958  1.15710018
A[11]        1.15830048 0.0019835874 0.09761988  0.972069714  1.093276958  1.15710018
A[12]        1.15830048 0.0019835874 0.09761988  0.972069714  1.093276958  1.15710018
A[13]        1.15830048 0.0019835874 0.09761988  0.972069714  1.093276958  1.15710018
A[14]        1.15830048 0.0019835874 0.09761988  0.972069714  1.093276958  1.15710018
A[15]        1.15830048 0.0019835874 0.09761988  0.972069714  1.093276958  1.15710018
A[16]        1.15830048 0.0019835874 0.09761988  0.972069714  1.093276958  1.15710018
B[1]         1.57831267 0.0028305299 0.13501394  1.325121677  1.485889492  1.57810859
B[2]         1.57831267 0.0028305299 0.13501394  1.325121677  1.485889492  1.57810859
B[3]         1.57831267 0.0028305299 0.13501394  1.325121677  1.485889492  1.57810859
B[4]         1.57831267 0.0028305299 0.13501394  1.325121677  1.485889492  1.57810859
B[5]         1.57831267 0.0028305299 0.13501394  1.325121677  1.485889492  1.57810859
B[6]         1.57831267 0.0028305299 0.13501394  1.325121677  1.485889492  1.57810859
B[7]         1.57831267 0.0028305299 0.13501394  1.325121677  1.485889492  1.57810859
B[8]         1.57831267 0.0028305299 0.13501394  1.325121677  1.485889492  1.57810859
B[9]         1.57831267 0.0028305299 0.13501394  1.325121677  1.485889492  1.57810859
B[10]        1.57831267 0.0028305299 0.13501394  1.325121677  1.485889492  1.57810859
B[11]        1.57831267 0.0028305299 0.13501394  1.325121677  1.485889492  1.57810859
B[12]        1.57831267 0.0028305299 0.13501394  1.325121677  1.485889492  1.57810859
B[13]        1.57831267 0.0028305299 0.13501394  1.325121677  1.485889492  1.57810859
B[14]        1.57831267 0.0028305299 0.13501394  1.325121677  1.485889492  1.57810859
B[15]        1.57831267 0.0028305299 0.13501394  1.325121677  1.485889492  1.57810859
B[16]        1.57831267 0.0028305299 0.13501394  1.325121677  1.485889492  1.57810859
log_lik[1]   0.26092191 0.0009002666 0.04356486  0.175641034  0.230426149  0.26082620
log_lik[2]   0.26045049 0.0009940549 0.04948113  0.160554134  0.225963200  0.26202788
log_lik[3]   0.08055645 0.0034283259 0.17310272 -0.293997638 -0.030665804  0.09119456
log_lik[4]   0.18442159 0.0009607264 0.04648871  0.089160946  0.153293469  0.18690389
log_lik[5]  -0.10861857 0.0011168540 0.05660435 -0.226945698 -0.146579772 -0.10707362
log_lik[6]   0.02637163 0.0009545038 0.04765692 -0.068471338 -0.005538801  0.02741863
log_lik[7]   0.18857252 0.0009620374 0.04644921  0.093530965  0.157550358  0.19113584
log_lik[8]   0.24566030 0.0009243230 0.04442935  0.157543037  0.215865023  0.24741689
log_lik[9]   0.21464417 0.0009829690 0.04594170  0.122280970  0.182601868  0.21779100
log_lik[10]  0.25465168 0.0009026405 0.04380519  0.167222922  0.225281357  0.25552280
log_lik[11]  0.24533329 0.0009256923 0.04445162  0.157224440  0.215500234  0.24714715
log_lik[12] -0.23897731 0.0014726639 0.07325934 -0.390415713 -0.287222355 -0.23745058
log_lik[13] -1.36176002 0.0062953601 0.30459347 -2.007889990 -1.560692494 -1.34796972
log_lik[14]  0.18728221 0.0009610579 0.04646244  0.092129948  0.156368643  0.18976820
log_lik[15]  0.20421462 0.0017765375 0.09148586  0.001104762  0.145389345  0.20768083
log_lik[16]  0.25639612 0.0009014346 0.04369811  0.169503301  0.226597976  0.25680669
likel        0.90012106 0.0018036409 0.06407918  0.723911133  0.873077239  0.92051948
EAIC         2.19975787 0.0036072819 0.12815837  2.072616448  2.107561695  2.15896104
EBIC         3.74493532 0.0036072819 0.12815837  3.617793892  3.652739139  3.70413849
lp__        14.40188137 0.0288582701 1.02526725 11.582511620 13.969190537 14.72825062
                    75%         97.5%    n_eff      Rhat
alpha       -0.26441707 -0.1826354003 2567.060 0.9996570
delta        1.05538361  1.1516650845 2188.370 1.0002258
mu[1]        0.43427821  0.4544676435 2569.644 0.9996574
mu[2]        0.43427821  0.4544676435 2569.644 0.9996574
mu[3]        0.43427821  0.4544676435 2569.644 0.9996574
mu[4]        0.43427821  0.4544676435 2569.644 0.9996574
mu[5]        0.43427821  0.4544676435 2569.644 0.9996574
mu[6]        0.43427821  0.4544676435 2569.644 0.9996574
mu[7]        0.43427821  0.4544676435 2569.644 0.9996574
mu[8]        0.43427821  0.4544676435 2569.644 0.9996574
mu[9]        0.43427821  0.4544676435 2569.644 0.9996574
mu[10]       0.43427821  0.4544676435 2569.644 0.9996574
mu[11]       0.43427821  0.4544676435 2569.644 0.9996574
mu[12]       0.43427821  0.4544676435 2569.644 0.9996574
mu[13]       0.43427821  0.4544676435 2569.644 0.9996574
mu[14]       0.43427821  0.4544676435 2569.644 0.9996574
mu[15]       0.43427821  0.4544676435 2569.644 0.9996574
mu[16]       0.43427821  0.4544676435 2569.644 0.9996574
phi[1]       2.87307707  3.1634560544 2191.873 1.0001991
phi[2]       2.87307707  3.1634560544 2191.873 1.0001991
phi[3]       2.87307707  3.1634560544 2191.873 1.0001991
phi[4]       2.87307707  3.1634560544 2191.873 1.0001991
phi[5]       2.87307707  3.1634560544 2191.873 1.0001991
phi[6]       2.87307707  3.1634560544 2191.873 1.0001991
phi[7]       2.87307707  3.1634560544 2191.873 1.0001991
phi[8]       2.87307707  3.1634560544 2191.873 1.0001991
phi[9]       2.87307707  3.1634560544 2191.873 1.0001991
phi[10]      2.87307707  3.1634560544 2191.873 1.0001991
phi[11]      2.87307707  3.1634560544 2191.873 1.0001991
phi[12]      2.87307707  3.1634560544 2191.873 1.0001991
phi[13]      2.87307707  3.1634560544 2191.873 1.0001991
phi[14]      2.87307707  3.1634560544 2191.873 1.0001991
phi[15]      2.87307707  3.1634560544 2191.873 1.0001991
phi[16]      2.87307707  3.1634560544 2191.873 1.0001991
A[1]         1.21983997  1.3601516662 2421.999 1.0003135
A[2]         1.21983997  1.3601516662 2421.999 1.0003135
A[3]         1.21983997  1.3601516662 2421.999 1.0003135
A[4]         1.21983997  1.3601516662 2421.999 1.0003135
A[5]         1.21983997  1.3601516662 2421.999 1.0003135
A[6]         1.21983997  1.3601516662 2421.999 1.0003135
A[7]         1.21983997  1.3601516662 2421.999 1.0003135
A[8]         1.21983997  1.3601516662 2421.999 1.0003135
A[9]         1.21983997  1.3601516662 2421.999 1.0003135
A[10]        1.21983997  1.3601516662 2421.999 1.0003135
A[11]        1.21983997  1.3601516662 2421.999 1.0003135
A[12]        1.21983997  1.3601516662 2421.999 1.0003135
A[13]        1.21983997  1.3601516662 2421.999 1.0003135
A[14]        1.21983997  1.3601516662 2421.999 1.0003135
A[15]        1.21983997  1.3601516662 2421.999 1.0003135
A[16]        1.21983997  1.3601516662 2421.999 1.0003135
B[1]         1.66409716  1.8545219527 2275.211 0.9999912
B[2]         1.66409716  1.8545219527 2275.211 0.9999912
B[3]         1.66409716  1.8545219527 2275.211 0.9999912
B[4]         1.66409716  1.8545219527 2275.211 0.9999912
B[5]         1.66409716  1.8545219527 2275.211 0.9999912
B[6]         1.66409716  1.8545219527 2275.211 0.9999912
B[7]         1.66409716  1.8545219527 2275.211 0.9999912
B[8]         1.66409716  1.8545219527 2275.211 0.9999912
B[9]         1.66409716  1.8545219527 2275.211 0.9999912
B[10]        1.66409716  1.8545219527 2275.211 0.9999912
B[11]        1.66409716  1.8545219527 2275.211 0.9999912
B[12]        1.66409716  1.8545219527 2275.211 0.9999912
B[13]        1.66409716  1.8545219527 2275.211 0.9999912
B[14]        1.66409716  1.8545219527 2275.211 0.9999912
B[15]        1.66409716  1.8545219527 2275.211 0.9999912
B[16]        1.66409716  1.8545219527 2275.211 0.9999912
log_lik[1]   0.29126651  0.3476816816 2341.696 0.9997668
log_lik[2]   0.29491579  0.3546699572 2477.756 0.9996086
log_lik[3]   0.20128330  0.3930477522 2549.433 1.0001922
log_lik[4]   0.21596502  0.2702977701 2341.508 1.0002845
log_lik[5]  -0.07018656  0.0006635912 2568.662 0.9997771
log_lik[6]   0.05904886  0.1186639691 2492.853 1.0001416
log_lik[7]   0.22014216  0.2737803850 2331.163 1.0002764
log_lik[8]   0.27557717  0.3317257171 2310.428 1.0000008
log_lik[9]   0.24476780  0.3004892637 2184.412 1.0001997
log_lik[10]  0.28401114  0.3407494761 2355.166 0.9998883
log_lik[11]  0.27515789  0.3313265604 2305.907 1.0000041
log_lik[12] -0.18624664 -0.1022600262 2474.679 0.9996190
log_lik[13] -1.14779959 -0.8070541512 2340.993 0.9998113
log_lik[14]  0.21882151  0.2726129363 2337.249 1.0002790
log_lik[15]  0.26961142  0.3686252196 2651.913 0.9999848
log_lik[16]  0.28613229  0.3415188328 2349.940 0.9998598
likel        0.94621915  0.9636917762 1262.216 0.9996058
EAIC         2.25384552  2.5521777348 1262.216 0.9996058
EBIC         3.79902297  4.0973551793 1262.216 0.9996058
lp__        15.13945392 15.4190117404 1262.216 0.9996058

WAIC and LOOIC Results:
WAIC: -1.634305 
LOOIC: -1.633622 
EAIC: 2.199758 
EBIC: 3.744935 
