Summary Results:
                     mean      se_mean           sd          2.5%           25%           50%
alpha         -0.48334322 0.0004278653 1.685105e-02   -0.51747329 -4.946269e-01   -0.48283174
delta        134.43934499 0.4048317606 9.485169e+00  116.56830892  1.278633e+02  134.23413257
epsilon[1]  -104.77115814 0.4345395352 1.069260e+01 -125.74594694 -1.119724e+02 -104.61119029
epsilon[2]     4.61353287 0.0986018322 2.422030e+00   -0.20800562  3.013242e+00    4.62795555
epsilon[3]   -56.75366396 0.1878281701 5.635818e+00  -67.41672253 -6.060682e+01  -56.70576643
mu[1]          0.38147092 0.0001009376 3.975835e-03    0.37344325  3.788042e-01    0.38158367
mu[2]          0.38147092 0.0001009376 3.975835e-03    0.37344325  3.788042e-01    0.38158367
mu[3]          0.38147092 0.0001009376 3.975835e-03    0.37344325  3.788042e-01    0.38158367
mu[4]          0.38147092 0.0001009376 3.975835e-03    0.37344325  3.788042e-01    0.38158367
mu[5]          0.38147092 0.0001009376 3.975835e-03    0.37344325  3.788042e-01    0.38158367
mu[6]          0.38147092 0.0001009376 3.975835e-03    0.37344325  3.788042e-01    0.38158367
mu[7]          0.38147092 0.0001009376 3.975835e-03    0.37344325  3.788042e-01    0.38158367
mu[8]          0.38147092 0.0001009376 3.975835e-03    0.37344325  3.788042e-01    0.38158367
mu[9]          0.38147092 0.0001009376 3.975835e-03    0.37344325  3.788042e-01    0.38158367
mu[10]         0.38147092 0.0001009376 3.975835e-03    0.37344325  3.788042e-01    0.38158367
mu[11]         0.38147092 0.0001009376 3.975835e-03    0.37344325  3.788042e-01    0.38158367
mu[12]         0.38147092 0.0001009376 3.975835e-03    0.37344325  3.788042e-01    0.38158367
mu[13]         0.38147092 0.0001009376 3.975835e-03    0.37344325  3.788042e-01    0.38158367
mu[14]         0.38147092 0.0001009376 3.975835e-03    0.37344325  3.788042e-01    0.38158367
mu[15]         0.38147092 0.0001009376 3.975835e-03    0.37344325  3.788042e-01    0.38158367
mu[16]         0.38147092 0.0001009376 3.975835e-03    0.37344325  3.788042e-01    0.38158367
phi[1]         3.05474564 0.0178755358 5.579603e-01    2.08277462  2.651916e+00    3.02331234
phi[2]         7.11911908 0.0463367127 1.513808e+00    4.56238752  6.052885e+00    7.00145698
phi[3]         1.70418142 0.0077178208 2.841272e-01    1.21388108  1.499184e+00    1.68343683
phi[4]        17.49049018 0.0562183534 2.269798e+00   13.43602743  1.584892e+01   17.39410103
phi[5]         1.64271667 0.0044780700 1.808492e-01    1.32775485  1.514142e+00    1.62971534
phi[6]         5.09408778 0.0327064933 8.726428e-01    3.57836532  4.489583e+00    5.01052909
phi[7]        87.24214948 0.3764651268 1.546380e+01   60.31331663  7.627231e+01   86.32255021
phi[8]        11.77738466 0.0239926705 1.105656e+00    9.70318126  1.104568e+01   11.73970362
phi[9]       623.57831084 5.6311685069 1.534844e+02  374.83368691  5.083463e+02  606.03787268
phi[10]       87.61352739 0.2608366165 1.197915e+01   65.14850102  7.951823e+01   87.20597271
phi[11]       24.49043674 0.0638783850 2.774496e+00   19.30651426  2.262312e+01   24.42080588
phi[12]        1.97962443 0.0089305427 3.305393e-01    1.41235731  1.747003e+00    1.94715423
phi[13]        0.52698748 0.0024784829 8.497529e-02    0.38220876  4.649765e-01    0.52094120
phi[14]       87.61352739 0.2608366165 1.197915e+01   65.14850102  7.951823e+01   87.20597271
phi[15]        3.05474564 0.0178755358 5.579603e-01    2.08277462  2.651916e+00    3.02331234
phi[16]       11.77738466 0.0239926705 1.105656e+00    9.70318126  1.104568e+01   11.73970362
A[1]           1.16487138 0.0067747500 2.108594e-01    0.79615983  1.012945e+00    1.15401282
A[2]           2.71593315 0.0175931489 5.792752e-01    1.72984494  2.305418e+00    2.67163325
A[3]           0.64988979 0.0029108513 1.072536e-01    0.46361641  5.725937e-01    0.64297927
A[4]           6.67089272 0.0212087536 8.590958e-01    5.10060011  6.054066e+00    6.62524190
A[5]           0.62656937 0.0016940957 6.856350e-02    0.50661048  5.774550e-01    0.62235172
A[6]           1.94339600 0.0125417017 3.346246e-01    1.35877917  1.712349e+00    1.91468837
A[7]          33.29076816 0.1459091807 5.972341e+00   22.88014457  2.898311e+01   32.92960232
A[8]           4.49259584 0.0091824118 4.229992e-01    3.69146882  4.205818e+00    4.48045632
A[9]         237.90417679 2.1545912186 5.873876e+01  143.98208709  1.944766e+02  231.03440034
A[10]         33.42429768 0.1007237327 4.600575e+00   24.78228617  3.029568e+01   33.26264557
A[11]          9.34334298 0.0248405387 1.071836e+00    7.38644023  8.624082e+00    9.30977988
A[12]          0.75524663 0.0034178866 1.268479e-01    0.53590777  6.658916e-01    0.74359058
A[13]          0.20100724 0.0009456970 3.233739e-02    0.14608895  1.771202e-01    0.19884327
A[14]         33.42429768 0.1007237327 4.600575e+00   24.78228617  3.029568e+01   33.26264557
A[15]          1.16487138 0.0067747500 2.108594e-01    0.79615983  1.012945e+00    1.15401282
A[16]          4.49259584 0.0091824118 4.229992e-01    3.69146882  4.205818e+00    4.48045632
B[1]           1.88987426 0.0111053261 3.476559e-01    1.29037133  1.641757e+00    1.86921779
B[2]           4.40318594 0.0287525061 9.356813e-01    2.82244843  3.741996e+00    4.33029400
B[3]           1.05429163 0.0048153810 1.772221e-01    0.74922487  9.264129e-01    1.04137981
B[4]          10.81959747 0.0351237643 1.415116e+00    8.26426736  9.796248e+00   10.76140157
B[5]           1.01614730 0.0028067540 1.127998e-01    0.82006700  9.364682e-01    1.00792505
B[6]           3.15069179 0.0201800136 5.390732e-01    2.20681517  2.775023e+00    3.10043416
B[7]          53.95138131 0.2309662330 9.507511e+00   37.25892993  4.723305e+01   53.38766966
B[8]           7.28478882 0.0149353844 6.868761e-01    5.98512315  6.840870e+00    7.26481036
B[9]         385.67413405 3.4777960711 9.482762e+01  231.74885533  3.155994e+02  374.55738600
B[10]         54.18922971 0.1607175886 7.399488e+00   40.35517541  4.923436e+01   53.95583414
B[11]         15.14709376 0.0392061779 1.709840e+00   11.97633507  1.399521e+01   15.11122583
B[12]          1.22437780 0.0055228166 2.041124e-01    0.87394967  1.081125e+00    1.20348053
B[13]          0.32598024 0.0015347130 5.275569e-02    0.23608060  2.874690e-01    0.32203539
B[14]         54.18922971 0.1607175886 7.399488e+00   40.35517541  4.923436e+01   53.95583414
B[15]          1.88987426 0.0111053261 3.476559e-01    1.29037133  1.641757e+00    1.86921779
B[16]          7.28478882 0.0149353844 6.868761e-01    5.98512315  6.840870e+00    7.26481036
log_lik[1]     0.36267630 0.0028117734 8.737148e-02    0.18209136  3.056745e-01    0.36841397
log_lik[2]     0.37859416 0.0020222650 7.521586e-02    0.18504140  3.426226e-01    0.39792614
log_lik[3]     0.80976095 0.0023236514 8.693958e-02    0.60521401  7.645670e-01    0.82556560
log_lik[4]     1.06143968 0.0013261026 5.340468e-02    0.95072530  1.025648e+00    1.06272900
log_lik[5]    -0.34791141 0.0008024179 3.224651e-02   -0.41447385 -3.681746e-01   -0.34644854
log_lik[6]     0.01182446 0.0006520618 2.473622e-02   -0.03762901 -3.630076e-03    0.01244175
log_lik[7]     1.55580014 0.0019323251 7.610345e-02    1.40372142  1.504399e+00    1.55731875
log_lik[8]     0.98454376 0.0008976101 4.055479e-02    0.90282278  9.587841e-01    0.98463918
log_lik[9]     2.95136952 0.0044583087 1.292798e-01    2.69031528  2.863069e+00    2.95325309
log_lik[10]    0.31190047 0.0057390791 2.429386e-01   -0.20554010  1.561003e-01    0.32633820
log_lik[11]    1.24283321 0.0009239827 3.949486e-02    1.16252975  1.217278e+00    1.24430303
log_lik[12]   -0.38729183 0.0006187528 2.294407e-02   -0.43898424 -3.978194e-01   -0.38444817
log_lik[13]    0.34313225 0.0005195042 2.014298e-02    0.29263989  3.346135e-01    0.34593975
log_lik[14]    1.52107942 0.0019024520 7.544417e-02    1.36661022  1.470043e+00    1.52432170
log_lik[15]    0.36332378 0.0025428891 8.113677e-02    0.16198426  3.207959e-01    0.37933879
log_lik[16]    0.87966192 0.0007115993 3.011608e-02    0.82138970  8.595615e-01    0.87917815
likel         12.04273679 0.0041529888 1.022104e-01   11.76932083  1.199520e+01   12.06201272
EAIC         -14.08547358 0.0083059776 2.044208e-01  -14.35322782 -1.423490e+01  -14.12402544
EBIC         -10.22252997 0.0083059776 2.044208e-01  -10.49028421 -1.037195e+01  -10.26108183
lp__         191.05702552 0.0640945572 1.603073e+00  186.76004352  1.903094e+02  191.35472850
                     75%        97.5%     n_eff      Rhat
alpha        -0.47241511  -0.45004954 1551.1011 1.0017168
delta       141.02359260 152.72486019  548.9603 1.0003683
epsilon[1]  -97.47466516 -84.06333417  605.4911 1.0000765
epsilon[2]    6.19308895   9.26680796  603.3775 1.0004238
epsilon[3]  -52.99092890 -45.63436228  900.3107 1.0002501
mu[1]         0.38404478   0.38934899 1551.4952 1.0017114
mu[2]         0.38404478   0.38934899 1551.4952 1.0017114
mu[3]         0.38404478   0.38934899 1551.4952 1.0017114
mu[4]         0.38404478   0.38934899 1551.4952 1.0017114
mu[5]         0.38404478   0.38934899 1551.4952 1.0017114
mu[6]         0.38404478   0.38934899 1551.4952 1.0017114
mu[7]         0.38404478   0.38934899 1551.4952 1.0017114
mu[8]         0.38404478   0.38934899 1551.4952 1.0017114
mu[9]         0.38404478   0.38934899 1551.4952 1.0017114
mu[10]        0.38404478   0.38934899 1551.4952 1.0017114
mu[11]        0.38404478   0.38934899 1551.4952 1.0017114
mu[12]        0.38404478   0.38934899 1551.4952 1.0017114
mu[13]        0.38404478   0.38934899 1551.4952 1.0017114
mu[14]        0.38404478   0.38934899 1551.4952 1.0017114
mu[15]        0.38404478   0.38934899 1551.4952 1.0017114
mu[16]        0.38404478   0.38934899 1551.4952 1.0017114
phi[1]        3.41395386   4.25973060  974.2903 1.0000163
phi[2]        8.06876986  10.43484055 1067.3111 1.0004647
phi[3]        1.87981036   2.33465051 1355.3028 0.9999473
phi[4]       18.97695395  22.26391180 1630.1151 0.9996115
phi[5]        1.76019346   2.02163150 1630.9901 0.9996203
phi[6]        5.63527728   7.03180210  711.8772 1.0005633
phi[7]       97.03111107 119.37738643 1687.2631 0.9996207
phi[8]       12.49584469  14.10805152 2123.6507 0.9999926
phi[9]      721.25529371 958.80742312  742.9023 0.9997914
phi[10]      95.42650285 112.00945836 2109.1875 0.9996469
phi[11]      26.19389352  30.16061805 1886.5156 0.9998939
phi[12]       2.19068103   2.67185307 1369.9049 0.9996008
phi[13]       0.58120006   0.70878749 1175.4752 0.9996389
phi[14]      95.42650285 112.00945836 2109.1875 0.9996469
phi[15]       3.41395386   4.25973060  974.2903 1.0000163
phi[16]      12.49584469  14.10805152 2123.6507 0.9999926
A[1]          1.29933515   1.61148930  968.7227 0.9999210
A[2]          3.06975783   4.00087981 1084.1334 1.0003309
A[3]          0.71541080   0.88317801 1357.6375 1.0000802
A[4]          7.23009052   8.46980578 1640.7896 0.9996524
A[5]          0.67090053   0.77108094 1637.9856 0.9996854
A[6]          2.15410481   2.67857233  711.8735 1.0007555
A[7]         37.02592761  45.86706072 1675.4211 0.9996540
A[8]          4.76477810   5.39163702 2122.0991 1.0002329
A[9]        275.34462066 367.24112514  743.2241 0.9997424
A[10]        36.40162110  42.89131991 2086.2221 0.9997083
A[11]        10.00902979  11.56174273 1861.8075 1.0000577
A[12]         0.83450017   1.02491534 1377.3720 0.9996166
A[13]         0.22167907   0.27048153 1169.2463 0.9996912
A[14]        36.40162110  42.89131991 2086.2221 0.9997083
A[15]         1.29933515   1.61148930  968.7227 0.9999210
A[16]         4.76477810   5.39163702 2122.0991 1.0002329
B[1]          2.11387304   2.64145973  980.0236 1.0000788
B[2]          4.99255447   6.43284966 1059.0207 1.0005510
B[3]          1.16373337   1.45624011 1354.4855 0.9998761
B[4]         11.77537791  13.80468479 1623.2374 0.9996010
B[5]          1.08878064   1.24859271 1615.1305 0.9996025
B[6]          3.48292943   4.34963244  713.5962 1.0004492
B[7]         60.02054868  73.71805475 1694.4810 0.9996077
B[8]          7.72827058   8.73572283 2115.0665 0.9998690
B[9]        445.79457033 592.91318277  743.4667 0.9998251
B[10]        59.01579507  69.21621076 2119.7105 0.9996213
B[11]        16.18704946  18.62928571 1901.9619 0.9998076
B[12]         1.35411054   1.65161023 1365.8958 0.9996010
B[13]         0.35908149   0.43834680 1181.6376 0.9996175
B[14]        59.01579507  69.21621076 2119.7105 0.9996213
B[15]         2.11387304   2.64145973  980.0236 1.0000788
B[16]         7.72827058   8.73572283 2115.0665 0.9998690
log_lik[1]    0.42498446   0.52104903  965.5589 1.0000309
log_lik[2]    0.43326825   0.47374680 1383.3839 0.9996360
log_lik[3]    0.87272923   0.93026706 1399.8874 1.0003034
log_lik[4]    1.09806691   1.16154736 1621.8264 0.9999388
log_lik[5]   -0.32599207  -0.28980028 1614.9689 1.0001157
log_lik[6]    0.02825285   0.05808592 1439.0936 1.0013054
log_lik[7]    1.60378367   1.70851154 1551.1302 1.0020212
log_lik[8]    1.01183884   1.06202520 2041.3093 0.9996159
log_lik[9]    3.04296767   3.19442536  840.8549 0.9996981
log_lik[10]   0.48458856   0.74574358 1791.8793 1.0007794
log_lik[11]   1.26926296   1.31939656 1827.0631 0.9999667
log_lik[12]  -0.37296521  -0.35168602 1375.0121 1.0002783
log_lik[13]   0.35612653   0.37219143 1503.3817 1.0003813
log_lik[14]   1.57058987   1.66643617 1572.6206 1.0019460
log_lik[15]   0.42427918   0.47050798 1018.0769 0.9997036
log_lik[16]   0.90027119   0.93714007 1791.1245 0.9999623
likel        12.11744861  12.17661391  605.7156 0.9996047
EAIC        -13.99039490 -13.53864166  605.7156 0.9996047
EBIC        -10.12745129  -9.67569805  605.7156 0.9996047
lp__        192.23450590 193.14464866  625.5532 0.9996415

WAIC and LOOIC Results:
WAIC: -23.95878 
LOOIC: -23.9582 
EAIC: -14.08547 
EBIC: -10.22253 
