Summary Results:
                    mean      se_mean          sd         2.5%          25%          50%
alpha        24.39323300 0.5777314371  9.42234965   6.28359740  17.82338873  23.78309301
delta        -5.42187029 0.4649728795 12.50614104 -28.77951609 -14.18109311  -5.78445699
beta[1]      -3.01498672 0.4349619800  9.15090986 -21.07938167  -9.24545248  -2.98658589
beta[2]      -8.09111653 0.0624083328  1.62243981 -11.17617548  -9.19173160  -8.09735220
beta[3]     -16.37570073 0.8702667172 13.16043394 -42.95452956 -25.54474048 -14.53789118
epsilon[1]   -0.02464520 1.7133868101 26.91962896 -52.12589424 -18.50633222   0.99989037
epsilon[2]   -8.79517259 0.4447595820  6.91258543 -21.39513641 -13.77150344  -9.02281097
epsilon[3]   15.60090642 1.1911194933 18.40597048 -14.60978511   1.60858404  13.40265720
mu[1]         0.37622561 0.0015482298  0.03694494   0.31228911   0.35057310   0.37303765
mu[2]         0.50744613 0.0080933814  0.12850257   0.30668677   0.41058468   0.48417839
mu[3]         0.49092424 0.0050440737  0.07623954   0.34863165   0.43372313   0.49424607
mu[4]         0.64347014 0.0028890857  0.04627860   0.55722188   0.60914410   0.64723653
mu[5]         0.48726307 0.0010454470  0.02931118   0.43278828   0.46819653   0.48566900
mu[6]         0.71490819 0.0010340935  0.02329731   0.66519786   0.69994629   0.71581199
mu[7]         0.85044189 0.0017504379  0.02867617   0.80089086   0.82883111   0.84903581
mu[8]         0.68691591 0.0008950100  0.01678677   0.65517469   0.67548438   0.68603311
mu[9]         0.84687699 0.0009194383  0.02155083   0.80007982   0.83359614   0.84787677
mu[10]        0.80940064 0.0006045108  0.01585466   0.77456419   0.79983282   0.80990632
mu[11]        0.76483877 0.0004260400  0.01292200   0.74095183   0.75632925   0.76422982
mu[12]        0.55437050 0.0050801302  0.08587675   0.41825784   0.49006349   0.53979691
mu[13]        0.41245912 0.0021640572  0.04865274   0.32997396   0.37925597   0.40797007
mu[14]        0.80940064 0.0006045108  0.01585466   0.77456419   0.79983282   0.80990632
mu[15]        0.37622561 0.0015482298  0.03694494   0.31228911   0.35057310   0.37303765
mu[16]        0.68691591 0.0008950100  0.01678677   0.65517469   0.67548438   0.68603311
phi[1]        3.55101160 0.2274671451  3.56045075   0.87302087   1.68497487   2.59292002
phi[2]        1.49523705 0.0334661184  0.62112169   0.63148829   1.01985999   1.38435163
phi[3]        9.16458749 0.4326015116  6.92029252   3.16229027   5.04212008   7.05738995
phi[4]        9.58968796 0.2956866931  4.46151640   4.49459877   6.50797805   8.41506731
phi[5]        3.84560131 0.0259237698  0.65555702   2.78892540   3.41008598   3.76970930
phi[6]       11.63059311 0.2000595026  3.82645926   6.11651589   8.83542347  10.96385308
phi[7]       13.24380718 0.4862536036  8.20215383   3.07192694   7.10604603  11.41961558
phi[8]        8.80951299 0.0245513793  0.99895409   7.01511326   8.08493149   8.77962842
phi[9]       11.44187317 0.1370276417  3.74786592   5.90737065   8.91152656  10.82295191
phi[10]      13.65285148 0.0787691074  2.51678280   9.27028318  11.96198982  13.42009739
phi[11]      10.48594660 0.1553271875  2.71396180   6.26127893   8.53766072  10.11542077
phi[12]       3.22055816 0.0922109940  1.51669160   1.17925823   2.02906743   2.93936080
phi[13]       2.81250444 0.0206134636  0.62316262   1.73403737   2.36165289   2.76995551
phi[14]      13.65285148 0.0787691074  2.51678280   9.27028318  11.96198982  13.42009739
phi[15]       3.55101160 0.2274671451  3.56045075   0.87302087   1.68497487   2.59292002
phi[16]       8.80951299 0.0245513793  0.99895409   7.01511326   8.08493149   8.77962842
A[1]          1.30144401 0.0833824899  1.30468923   0.36476227   0.65466364   0.94838662
A[2]          0.69262573 0.0060744562  0.15215236   0.43399725   0.58214181   0.67925018
A[3]          4.10421632 0.1309222947  2.16726457   1.85512752   2.74245719   3.50816987
A[4]          6.00563097 0.1520150057  2.32097456   3.15938235   4.36812988   5.45443586
A[5]          1.88349852 0.0169720739  0.40145472   1.27761314   1.62313590   1.83060159
A[6]          8.34598490 0.1518441702  2.85349759   4.23437371   6.28728733   7.87723713
A[7]         11.09498246 0.3903399582  6.61126604   2.74526631   6.16284837   9.65046906
A[8]          6.05071512 0.0162653181  0.69638518   4.80621348   5.54783810   6.02217526
A[9]          9.73138313 0.1230508334  3.34482590   4.85922052   7.46153212   9.15640599
A[10]        11.07079171 0.0704164800  2.15831844   7.33551291   9.61977234  10.87214735
A[11]         8.01348359 0.1159999509  2.05457286   4.80805162   6.52659364   7.71973085
A[12]         1.69709744 0.0374236960  0.65182573   0.79718762   1.21790295   1.57617627
A[13]         1.16853306 0.0115616871  0.32866887   0.63284455   0.94218788   1.13442506
A[14]        11.07079171 0.0704164800  2.15831844   7.33551291   9.61977234  10.87214735
A[15]         1.30144401 0.0833824899  1.30468923   0.36476227   0.65466364   0.94838662
A[16]         6.05071512 0.0162653181  0.69638518   4.80621348   5.54783810   6.02217526
B[1]          2.24956759 0.1443305978  2.26558193   0.50225951   1.03062498   1.62774121
B[2]          0.80261133 0.0276841964  0.49910165   0.15035819   0.40713188   0.71227443
B[3]          5.06037117 0.3023184071  4.79326545   1.24988538   2.28432652   3.55649342
B[4]          3.58405698 0.1440614012  2.17062029   1.33401696   2.10191993   2.92333020
B[5]          1.96210279 0.0093550540  0.28572928   1.46600979   1.76682670   1.94741334
B[6]          3.28460821 0.0491445889  1.01844997   1.82535765   2.54987024   3.10068225
B[7]          2.14882472 0.0962148229  1.61633404   0.32528662   0.91829653   1.73026947
B[8]          2.75879787 0.0132620598  0.35204678   2.13667971   2.51141229   2.74275809
B[9]          1.71049004 0.0163645832  0.45764801   0.95139622   1.39400787   1.66338339
B[10]         2.58205977 0.0094383651  0.40893125   1.85605795   2.29575506   2.55295285
B[11]         2.47246301 0.0394592842  0.67542630   1.40724222   1.97329705   2.38479356
B[12]         1.52346072 0.0552359429  0.90295147   0.33786580   0.79092705   1.35690518
B[13]         1.64397139 0.0130863619  0.35189557   1.03427411   1.39538407   1.61532065
B[14]         2.58205977 0.0094383651  0.40893125   1.85605795   2.29575506   2.55295285
B[15]         2.24956759 0.1443305978  2.26558193   0.50225951   1.03062498   1.62774121
B[16]         2.75879787 0.0132620598  0.35204678   2.13667971   2.51141229   2.74275809
log_lik[1]    0.11547274 0.0230733377  0.35403841  -0.54278618  -0.13458167   0.09819583
log_lik[2]    0.37488624 0.0217667386  0.38068017  -0.48532783   0.14364070   0.43401977
log_lik[3]    0.25565349 0.0300284475  0.45547617  -0.48657648  -0.07418247   0.18978843
log_lik[4]    0.06117481 0.0189914143  0.31831018  -0.48156260  -0.17284511   0.02331890
log_lik[5]    0.32204478 0.0044073131  0.10929264   0.11970974   0.25242590   0.31965905
log_lik[6]    1.00295698 0.0076494604  0.15468256   0.71139976   0.89877333   0.99859752
log_lik[7]    0.93460943 0.0320174329  0.47886685  -0.03986205   0.60754670   0.99209497
log_lik[8]    0.78482928 0.0032866124  0.07451281   0.63539653   0.73390456   0.78586697
log_lik[9]    1.44515921 0.0078030604  0.18506325   1.05307555   1.32928828   1.45305482
log_lik[10]   1.15895302 0.0017543641  0.08328300   0.98992529   1.10515679   1.16132029
log_lik[11]   1.04408119 0.0087775379  0.14486550   0.76025363   0.94725317   1.04569570
log_lik[12]   0.12051243 0.0239654317  0.36198707  -0.66036183  -0.12501351   0.17502970
log_lik[13]  -0.28515500 0.0094583228  0.21279461  -0.67258469  -0.43391497  -0.29356489
log_lik[14]   1.24403765 0.0019538176  0.08502333   1.06740417   1.18886343   1.24518555
log_lik[15]   0.20426953 0.0252255475  0.38415886  -0.49062089  -0.06890015   0.17856764
log_lik[16]  -1.42407109 0.0268923992  0.58143223  -2.66844620  -1.79962983  -1.37888859
likel         7.35941469 0.0042509002  0.12312088   7.04701561   7.29519882   7.37993618
EAIC          1.28117062 0.0085018004  0.24624175   0.93254418   1.10320474   1.24012763
EBIC          7.46188039 0.0085018004  0.24624175   7.11325396   7.28391452   7.42083741
lp__        117.60547374 0.0706186216  2.00932813 112.50217050 116.56266752 117.95056215
                    75%       97.5%     n_eff      Rhat
alpha        30.8125173  42.6087063  265.9907 1.0075014
delta         2.3450540  20.4562840  723.4215 0.9996011
beta[1]       3.2751873  14.4321195  442.6148 1.0054005
beta[2]      -7.0630286  -4.7001629  675.8527 1.0018071
beta[3]      -6.5440663   4.7797350  228.6839 1.0119331
epsilon[1]   19.3514637  48.9761004  246.8467 1.0111500
epsilon[2]   -4.0329953   4.5942837  241.5630 1.0104907
epsilon[3]   28.4186363  54.2405320  238.7849 1.0105286
mu[1]         0.3993793   0.4579601  569.4285 1.0078802
mu[2]         0.5983054   0.7728315  252.0946 1.0096567
mu[3]         0.5487439   0.6248031  228.4534 1.0131702
mu[4]         0.6788777   0.7235781  256.5899 1.0108907
mu[5]         0.5060216   0.5481215  786.0726 1.0002401
mu[6]         0.7305472   0.7580643  507.5655 1.0002100
mu[7]         0.8714178   0.9061795  268.3793 1.0148226
mu[8]         0.6985420   0.7200272  351.7859 1.0050874
mu[9]         0.8618759   0.8861408  549.3924 1.0026946
mu[10]        0.8203891   0.8380756  687.8693 1.0005927
mu[11]        0.7728507   0.7911245  919.9388 1.0051547
mu[12]        0.6100056   0.7343184  285.7601 1.0094785
mu[13]        0.4415316   0.5183158  505.4488 1.0024881
mu[14]        0.8203891   0.8380756  687.8693 1.0005927
mu[15]        0.3993793   0.4579601  569.4285 1.0078802
mu[16]        0.6985420   0.7200272  351.7859 1.0050874
phi[1]        4.2130833  10.6436069  245.0037 1.0002350
phi[2]        1.8617530   3.0069095  344.4631 1.0120821
phi[3]       10.9621471  25.8330411  255.9015 1.0012998
phi[4]       11.4488658  20.5495164  227.6677 1.0052580
phi[5]        4.1850552   5.2960844  639.4766 0.9997097
phi[6]       13.7149963  20.8969941  365.8271 1.0076232
phi[7]       17.6242168  33.6259175  284.5314 1.0146004
phi[8]        9.4500607  10.8187021 1655.5384 0.9996393
phi[9]       13.2897313  20.2917406  748.0863 0.9996033
phi[10]      15.1503514  19.2199621 1020.8916 1.0006295
phi[11]      12.1893707  16.5085677  305.2899 1.0109198
phi[12]       4.1222287   6.7609077  270.5385 1.0147673
phi[13]       3.1853177   4.1875848  913.9046 1.0025396
phi[14]      15.1503514  19.2199621 1020.8916 1.0006295
phi[15]       4.2130833  10.6436069  245.0037 1.0002350
phi[16]       9.4500607  10.8187021 1655.5384 0.9996393
A[1]          1.5044150   3.8436003  244.8299 0.9999372
A[2]          0.7834743   1.0464714  627.3972 1.0057045
A[3]          4.8221912   9.3002908  274.0291 1.0018161
A[4]          7.0182171  11.6225845  233.1137 1.0057313
A[5]          2.0770462   2.8116507  559.5041 0.9997963
A[6]          9.9372758  15.2927569  353.1496 1.0073521
A[7]         14.6337575  27.4457357  286.8688 1.0141339
A[8]          6.5012542   7.4987638 1833.0483 0.9996941
A[9]         11.3694285  17.7867926  738.8868 0.9996060
A[10]        12.3681578  15.8559401  939.4689 1.0007881
A[11]         9.2634348  12.5105952  313.7094 1.0101199
A[12]         2.0659818   3.2213374  303.3679 1.0109917
A[13]         1.3462436   1.9121732  808.1179 1.0000545
A[14]        12.3681578  15.8559401  939.4689 1.0007881
A[15]         1.5044150   3.8436003  244.8299 0.9999372
A[16]         6.5012542   7.4987638 1833.0483 0.9996941
B[1]          2.7155057   6.8351509  246.4011 1.0004426
B[2]          1.0974970   2.0331056  325.0231 1.0128719
B[3]          6.2017372  16.5952162  251.3818 1.0010622
B[4]          4.4286015   8.8359198  227.0244 1.0046239
B[5]          2.1322705   2.5573650  932.8609 0.9996189
B[6]          3.8265008   5.7237793  429.4652 1.0076698
B[7]          3.0107757   6.1309532  282.2138 1.0160837
B[8]          2.9847146   3.4863544  704.6586 1.0009705
B[9]          1.9676660   2.7267259  782.0838 1.0006965
B[10]         2.8282169   3.4658171 1877.1849 0.9998421
B[11]         2.9166922   3.9298266  292.9932 1.0129422
B[12]         2.0764117   3.6365774  267.2300 1.0164477
B[13]         1.8724342   2.3955371  723.0856 1.0053978
B[14]         2.8282169   3.4658171 1877.1849 0.9998421
B[15]         2.7155057   6.8351509  246.4011 1.0004426
B[16]         2.9847146   3.4863544  704.6586 1.0009705
log_lik[1]    0.3493063   0.8046247  235.4398 1.0105458
log_lik[2]    0.6501582   0.9815055  305.8678 1.0056251
log_lik[3]    0.5408484   1.2028130  230.0730 1.0095356
log_lik[4]    0.2792155   0.6894262  280.9225 1.0084925
log_lik[5]    0.3884402   0.5541225  614.9418 1.0000638
log_lik[6]    1.1050939   1.3092531  408.9038 1.0081801
log_lik[7]    1.3046948   1.6993786  223.6951 1.0126576
log_lik[8]    0.8361032   0.9243017  514.0021 1.0024677
log_lik[9]    1.5673906   1.7892951  562.4844 1.0038112
log_lik[10]   1.2147468   1.3155836 2253.5815 0.9997096
log_lik[11]   1.1510733   1.3090775  272.3858 1.0109734
log_lik[12]   0.3968342   0.6807831  228.1474 1.0118340
log_lik[13]  -0.1473342   0.1451441  506.1660 1.0040841
log_lik[14]   1.3011868   1.4091933 1893.6871 0.9996058
log_lik[15]   0.4541574   0.9580775  231.9212 1.0106226
log_lik[16]  -1.0150313  -0.4111977  467.4542 1.0023726
likel         7.4483976   7.5337279  838.8834 0.9997250
EAIC          1.4096024   1.9059688  838.8834 0.9997250
EBIC          7.5903121   8.0866786  838.8834 0.9997250
lp__        119.0575789 120.4582705  809.5865 0.9996797

WAIC and LOOIC Results:
WAIC: -13.10136 
LOOIC: -13.09434 
EAIC: 1.281171 
EBIC: 7.46188 
