Summary Results:
                    mean      se_mean         sd         2.5%         25%          50%
alpha        -7.78129482 0.2047065624 5.57792496 -18.48463780 -11.6895648  -7.67459156
delta         1.63300314 0.0021563937 0.08359601   1.45875796   1.5797581   1.63434006
beta[1]       9.24585172 0.2332324996 6.48279247  -2.87254251   4.9831523   9.19682930
beta[2]     -11.97554270 0.0532040027 1.57396916 -14.99907668 -13.0351688 -11.97719346
beta[3]      11.33619922 0.1209738810 3.81258889   4.11042100   8.7752783  11.25205059
mu[1]         0.34649970 0.0007600640 0.02830268   0.29138009   0.3274685   0.34661808
mu[2]         0.25883895 0.0007528471 0.02672626   0.20879317   0.2406707   0.25816839
mu[3]         0.62986686 0.0008364675 0.02861625   0.57457876   0.6108366   0.62973098
mu[4]         0.67201130 0.0005175483 0.01930775   0.63401077   0.6591257   0.67168005
mu[5]         0.48070791 0.0004730594 0.01968983   0.44282818   0.4672102   0.48081955
mu[6]         0.76805992 0.0006978427 0.02145826   0.72315388   0.7535472   0.76867563
mu[7]         0.78625496 0.0005274385 0.02053355   0.74263120   0.7729079   0.78715309
mu[8]         0.69988225 0.0003614556 0.01452201   0.67170701   0.6902265   0.70001685
mu[9]         0.74641888 0.0007823786 0.02521252   0.69500468   0.7303086   0.74706755
mu[10]        0.79086643 0.0003107221 0.01459054   0.76140586   0.7810188   0.79130271
mu[11]        0.74831437 0.0003761024 0.01522072   0.71782176   0.7382842   0.74900355
mu[12]        0.45145082 0.0007583913 0.02805228   0.39681427   0.4330771   0.45124060
mu[13]        0.40456862 0.0006918674 0.02636137   0.35334308   0.3868898   0.40434094
mu[14]        0.79086643 0.0003107221 0.01459054   0.76140586   0.7810188   0.79130271
mu[15]        0.34649970 0.0007600640 0.02830268   0.29138009   0.3274685   0.34661808
mu[16]        0.69988225 0.0003614556 0.01452201   0.67170701   0.6902265   0.70001685
phi[1]        5.13704305 0.0108472983 0.42692182   4.30061536   4.8537817   5.12607400
phi[2]        5.13704305 0.0108472983 0.42692182   4.30061536   4.8537817   5.12607400
phi[3]        5.13704305 0.0108472983 0.42692182   4.30061536   4.8537817   5.12607400
phi[4]        5.13704305 0.0108472983 0.42692182   4.30061536   4.8537817   5.12607400
phi[5]        5.13704305 0.0108472983 0.42692182   4.30061536   4.8537817   5.12607400
phi[6]        5.13704305 0.0108472983 0.42692182   4.30061536   4.8537817   5.12607400
phi[7]        5.13704305 0.0108472983 0.42692182   4.30061536   4.8537817   5.12607400
phi[8]        5.13704305 0.0108472983 0.42692182   4.30061536   4.8537817   5.12607400
phi[9]        5.13704305 0.0108472983 0.42692182   4.30061536   4.8537817   5.12607400
phi[10]       5.13704305 0.0108472983 0.42692182   4.30061536   4.8537817   5.12607400
phi[11]       5.13704305 0.0108472983 0.42692182   4.30061536   4.8537817   5.12607400
phi[12]       5.13704305 0.0108472983 0.42692182   4.30061536   4.8537817   5.12607400
phi[13]       5.13704305 0.0108472983 0.42692182   4.30061536   4.8537817   5.12607400
phi[14]       5.13704305 0.0108472983 0.42692182   4.30061536   4.8537817   5.12607400
phi[15]       5.13704305 0.0108472983 0.42692182   4.30061536   4.8537817   5.12607400
phi[16]       5.13704305 0.0108472983 0.42692182   4.30061536   4.8537817   5.12607400
A[1]          1.77892788 0.0051338209 0.19839882   1.40747401   1.6429280   1.77099886
A[2]          1.32851820 0.0041467750 0.16673322   1.01482045   1.2141787   1.32601214
A[3]          3.23684624 0.0095211009 0.31840955   2.63215446   3.0244874   3.23087158
A[4]          3.45322696 0.0081462540 0.31581333   2.86394885   3.2359813   3.44883821
A[5]          2.46985342 0.0062628116 0.23320328   2.02476315   2.3119962   2.46724983
A[6]          3.94759603 0.0101191141 0.36739844   3.22293496   3.7146023   3.94006254
A[7]          4.04087505 0.0095501153 0.37161639   3.29994474   3.7903808   4.03794739
A[8]          3.59684112 0.0085622464 0.32486679   2.96585616   3.3814900   3.59150747
A[9]          3.83550828 0.0088077771 0.35657182   3.15718938   3.5934777   3.82648177
A[10]         4.06427460 0.0092486649 0.36354994   3.36373742   3.8135915   4.06062955
A[11]         3.84584728 0.0090859006 0.34792441   3.15933454   3.6153046   3.84361101
A[12]         2.31964199 0.0066231053 0.24460474   1.83970363   2.1477525   2.32388485
A[13]         2.07844287 0.0061749844 0.22038733   1.65463146   1.9307659   2.07656197
A[14]         4.06427460 0.0092486649 0.36354994   3.36373742   3.8135915   4.06062955
A[15]         1.77892788 0.0051338209 0.19839882   1.40747401   1.6429280   1.77099886
A[16]         3.59684112 0.0085622464 0.32486679   2.96585616   3.3814900   3.59150747
B[1]          3.35811517 0.0084041192 0.32455340   2.71168873   3.1510563   3.34935680
B[2]          3.80852485 0.0098195228 0.35659637   3.12917238   3.5674107   3.80203083
B[3]          1.90019681 0.0049677955 0.20477030   1.51018068   1.7638526   1.89678008
B[4]          1.68381609 0.0038899347 0.16044799   1.37703838   1.5724396   1.67962554
B[5]          2.66718963 0.0056563661 0.23904625   2.20988187   2.5012457   2.65979276
B[6]          1.18944702 0.0034218340 0.13081882   0.94954655   1.0983709   1.18694634
B[7]          1.09616800 0.0031107513 0.12336783   0.86545344   1.0106607   1.09434543
B[8]          1.54020193 0.0030515272 0.13179869   1.28933004   1.4514474   1.53606608
B[9]          1.30153478 0.0052902809 0.15909477   1.00252151   1.1885626   1.29936413
B[10]         1.07276845 0.0022732359 0.10103929   0.88549356   1.0031571   1.06979122
B[11]         1.29119577 0.0026388972 0.11495634   1.07810332   1.2101997   1.28561049
B[12]         2.81740106 0.0066029979 0.26978841   2.31358115   2.6366574   2.81040698
B[13]         3.05860018 0.0067807242 0.28667254   2.52152613   2.8601698   3.05073464
B[14]         1.07276845 0.0022732359 0.10103929   0.88549356   1.0031571   1.06979122
B[15]         3.35811517 0.0084041192 0.32455340   2.71168873   3.1510563   3.34935680
B[16]         1.54020193 0.0030515272 0.13179869   1.28933004   1.4514474   1.53606608
log_lik[1]    0.41905334 0.0022409842 0.08230212   0.23693175   0.3704096   0.42711920
log_lik[2]    0.69988811 0.0076525991 0.29503974   0.06862463   0.5155584   0.72316836
log_lik[3]   -0.65595737 0.0075721929 0.25141870  -1.20514170  -0.8127005  -0.64137481
log_lik[4]   -0.08951722 0.0029620096 0.11370625  -0.32694997  -0.1628711  -0.08179303
log_lik[5]    0.44870642 0.0016213232 0.05954699   0.32578781   0.4107537   0.45178306
log_lik[6]    0.46687898 0.0022159254 0.07807059   0.30871837   0.4168960   0.47323099
log_lik[7]    0.76213688 0.0013414349 0.05245975   0.65439161   0.7285055   0.76528273
log_lik[8]    0.48312937 0.0011164758 0.04945479   0.38429455   0.4496843   0.48513197
log_lik[9]    0.85569894 0.0061289313 0.19237568   0.42988634   0.7398765   0.86990151
log_lik[10]   0.69735387 0.0012192328 0.05145833   0.59083445   0.6634984   0.69905806
log_lik[11]   0.69323766 0.0011210023 0.04631721   0.59982700   0.6625994   0.69434623
log_lik[12]   0.53321605 0.0013369111 0.04976330   0.42362678   0.5018756   0.53534729
log_lik[13]  -0.61471155 0.0055723276 0.22840722  -1.10717563  -0.7641888  -0.60664510
log_lik[14]   0.75775673 0.0011908828 0.04869282   0.65759095   0.7258910   0.75883115
log_lik[15]   0.55055803 0.0015159994 0.05641669   0.42760576   0.5163640   0.55415655
log_lik[16]   0.23593791 0.0043618262 0.20037599  -0.19438122   0.1112505   0.24148536
likel         6.24336616 0.0040222947 0.10483281   5.98712851   6.1905370   6.26590143
EAIC         -2.48673232 0.0080445893 0.20966563  -2.75863336  -2.6392947  -2.53180286
EBIC          1.37621129 0.0080445893 0.20966563   1.10431025   1.2236489   1.33114075
lp__         99.86832117 0.0644310261 1.67975145  95.75460572  99.0187987 100.23301502
                     75%       97.5%     n_eff      Rhat
alpha        -3.99067870   3.1639828  742.4749 0.9998115
delta         1.69086244   1.7890927 1502.8479 1.0009934
beta[1]      13.57386498  21.3862574  772.5847 0.9996325
beta[2]     -10.90329016  -8.9306202  875.1930 0.9996180
beta[3]      13.74041891  19.2538963  993.2458 0.9998781
mu[1]         0.36546579   0.4035366 1386.6116 0.9997719
mu[2]         0.27632611   0.3140787 1260.2676 0.9995999
mu[3]         0.64804716   0.6876793 1170.3810 1.0001192
mu[4]         0.68501128   0.7089913 1391.7509 0.9999578
mu[5]         0.49391249   0.5193065 1732.4180 1.0001161
mu[6]         0.78339626   0.8074760  945.5270 0.9998553
mu[7]         0.80031956   0.8241228 1515.5994 0.9996001
mu[8]         0.70959240   0.7276074 1614.1498 1.0001052
mu[9]         0.76364232   0.7938137 1038.4812 0.9996099
mu[10]        0.80091240   0.8179807 2204.9485 0.9997030
mu[11]        0.75869183   0.7767115 1637.7893 0.9997869
mu[12]        0.47021743   0.5083212 1368.2005 0.9996752
mu[13]        0.42167341   0.4572520 1451.7439 0.9999328
mu[14]        0.80091240   0.8179807 2204.9485 0.9997030
mu[15]        0.36546579   0.4035366 1386.6116 0.9997719
mu[16]        0.70959240   0.7276074 1614.1498 1.0001052
phi[1]        5.42415673   5.9840207 1549.0076 1.0009516
phi[2]        5.42415673   5.9840207 1549.0076 1.0009516
phi[3]        5.42415673   5.9840207 1549.0076 1.0009516
phi[4]        5.42415673   5.9840207 1549.0076 1.0009516
phi[5]        5.42415673   5.9840207 1549.0076 1.0009516
phi[6]        5.42415673   5.9840207 1549.0076 1.0009516
phi[7]        5.42415673   5.9840207 1549.0076 1.0009516
phi[8]        5.42415673   5.9840207 1549.0076 1.0009516
phi[9]        5.42415673   5.9840207 1549.0076 1.0009516
phi[10]       5.42415673   5.9840207 1549.0076 1.0009516
phi[11]       5.42415673   5.9840207 1549.0076 1.0009516
phi[12]       5.42415673   5.9840207 1549.0076 1.0009516
phi[13]       5.42415673   5.9840207 1549.0076 1.0009516
phi[14]       5.42415673   5.9840207 1549.0076 1.0009516
phi[15]       5.42415673   5.9840207 1549.0076 1.0009516
phi[16]       5.42415673   5.9840207 1549.0076 1.0009516
A[1]          1.90951850   2.1867712 1493.4707 1.0009173
A[2]          1.44070347   1.6670907 1616.6772 1.0001834
A[3]          3.44072749   3.8965576 1118.4017 1.0014620
A[4]          3.65557411   4.0882728 1502.9517 1.0011557
A[5]          2.62323839   2.9386514 1386.5344 1.0015866
A[6]          4.18403474   4.6694676 1318.2252 1.0011468
A[7]          4.27154753   4.7862501 1514.1625 1.0007556
A[8]          3.80284718   4.2412250 1439.5779 1.0011979
A[9]          4.06621690   4.5512780 1638.9337 1.0005282
A[10]         4.29497187   4.7875872 1545.1480 1.0009205
A[11]         4.06356239   4.5326208 1466.3371 1.0010218
A[12]         2.48147147   2.8116996 1363.9750 1.0009729
A[13]         2.22259211   2.5163720 1273.8008 1.0014984
A[14]         4.29497187   4.7875872 1545.1480 1.0009205
A[15]         1.90951850   2.1867712 1493.4707 1.0009173
A[16]         3.80284718   4.2412250 1439.5779 1.0011979
B[1]          3.57240621   4.0090236 1491.3787 1.0002848
B[2]          4.04990313   4.5228059 1318.7822 1.0006704
B[3]          2.03426559   2.3098341 1699.0513 0.9996913
B[4]          1.79057645   2.0108258 1701.3120 1.0000075
B[5]          2.82665250   3.1429206 1786.0303 1.0000919
B[6]          1.27217934   1.4662649 1461.5799 0.9996907
B[7]          1.17570426   1.3453297 1572.7991 1.0002159
B[8]          1.62415479   1.8150539 1865.4675 1.0000226
B[9]          1.40651687   1.6228531  904.3871 1.0005218
B[10]         1.13978926   1.2728599 1975.5660 1.0002044
B[11]         1.36515360   1.5316485 1897.6711 1.0001021
B[12]         2.99867058   3.3666629 1669.4148 1.0002041
B[13]         3.24433533   3.6317622 1787.3929 1.0000517
B[14]         1.13978926   1.2728599 1975.5660 1.0002044
B[15]         3.57240621   4.0090236 1491.3787 1.0002848
B[16]         1.62415479   1.8150539 1865.4675 1.0000226
log_lik[1]    0.47701483   0.5562549 1348.7904 1.0002992
log_lik[2]    0.90258236   1.2228769 1486.4254 0.9998736
log_lik[3]   -0.47956219  -0.2064207 1102.4320 1.0009625
log_lik[4]   -0.01050181   0.1137142 1473.6548 0.9999934
log_lik[5]    0.48929018   0.5568217 1348.9022 1.0012984
log_lik[6]    0.51926396   0.6091580 1241.2656 0.9996029
log_lik[7]    0.79874415   0.8568134 1529.3726 1.0004503
log_lik[8]    0.51546701   0.5774577 1962.0864 0.9997782
log_lik[9]    0.99270210   1.1848551  985.2146 0.9998553
log_lik[10]   0.73284207   0.7912257 1781.3044 1.0004621
log_lik[11]   0.72470228   0.7787728 1707.1505 1.0006246
log_lik[12]   0.56672511   0.6211510 1385.5216 1.0003484
log_lik[13]  -0.45588826  -0.1954633 1680.1435 0.9996941
log_lik[14]   0.79137371   0.8471644 1671.8289 1.0006636
log_lik[15]   0.58939099   0.6510459 1384.8961 1.0007290
log_lik[16]   0.37520705   0.6018417 2110.3508 0.9996088
likel         6.31964737   6.3793167  679.2767 1.0006200
EAIC         -2.38107391  -1.9742570  679.2767 1.0006200
EBIC          1.48186970   1.8886866  679.2767 1.0006200
lp__        101.09230260 102.0474250  679.6729 1.0006312

WAIC and LOOIC Results:
WAIC: -12.15061 
LOOIC: -12.14844 
EAIC: -2.486732 
EBIC: 1.376211 
