Summary Results:
                    mean      se_mean         sd        2.5%         25%          50%
alpha       -42.40247569 0.2774548263 6.96975931 -56.1916778 -47.2458534 -42.24932605
delta         1.48037140 0.0023898672 0.08446402   1.3051863   1.4245769   1.47860857
beta[1]      78.47239277 0.3062382414 7.86214075  63.1506332  73.1053624  78.61964930
beta[2]     -14.91103108 0.0662436529 1.75722341 -18.2481094 -16.1383472 -14.90491427
beta[3]      -9.84138399 0.1387704453 4.16213947 -17.9825344 -12.5524049  -9.79295686
mu[1]         0.22000958 0.0007433027 0.02336646   0.1759751   0.2042740   0.21939255
mu[2]         0.52534491 0.0012442501 0.04121203   0.4435404   0.4965080   0.52472966
mu[3]         0.34000761 0.0007434394 0.02600979   0.2900387   0.3228755   0.33957214
mu[4]         0.24150098 0.0005390140 0.01843800   0.2066687   0.2285793   0.24096332
mu[5]         0.50957635 0.0004183836 0.01789931   0.4741221   0.4976993   0.50968633
mu[6]         0.60891459 0.0009111856 0.02683679   0.5559710   0.5906421   0.60877201
mu[7]         0.54815928 0.0007407970 0.02971776   0.4900752   0.5275894   0.54817656
mu[8]         0.41347738 0.0003097793 0.01542776   0.3837669   0.4028207   0.41348747
mu[9]         0.18487326 0.0009981964 0.02784770   0.1343793   0.1652387   0.18358698
mu[10]        0.31388765 0.0005628164 0.02220632   0.2722216   0.2987758   0.31364150
mu[11]        0.46936305 0.0003823137 0.01877760   0.4327768   0.4564974   0.46907403
mu[12]        0.70171367 0.0006744374 0.02442528   0.6507439   0.6855401   0.70320346
mu[13]        0.63294807 0.0007163744 0.02521022   0.5824103   0.6165482   0.63310418
mu[14]        0.31388765 0.0005628164 0.02220632   0.2722216   0.2987758   0.31364150
mu[15]        0.22000958 0.0007433027 0.02336646   0.1759751   0.2042740   0.21939255
mu[16]        0.41347738 0.0003097793 0.01542776   0.3837669   0.4028207   0.41348747
phi[1]        4.41024355 0.0105099861 0.37203364   3.6883764   4.1560991   4.38683743
phi[2]        4.41024355 0.0105099861 0.37203364   3.6883764   4.1560991   4.38683743
phi[3]        4.41024355 0.0105099861 0.37203364   3.6883764   4.1560991   4.38683743
phi[4]        4.41024355 0.0105099861 0.37203364   3.6883764   4.1560991   4.38683743
phi[5]        4.41024355 0.0105099861 0.37203364   3.6883764   4.1560991   4.38683743
phi[6]        4.41024355 0.0105099861 0.37203364   3.6883764   4.1560991   4.38683743
phi[7]        4.41024355 0.0105099861 0.37203364   3.6883764   4.1560991   4.38683743
phi[8]        4.41024355 0.0105099861 0.37203364   3.6883764   4.1560991   4.38683743
phi[9]        4.41024355 0.0105099861 0.37203364   3.6883764   4.1560991   4.38683743
phi[10]       4.41024355 0.0105099861 0.37203364   3.6883764   4.1560991   4.38683743
phi[11]       4.41024355 0.0105099861 0.37203364   3.6883764   4.1560991   4.38683743
phi[12]       4.41024355 0.0105099861 0.37203364   3.6883764   4.1560991   4.38683743
phi[13]       4.41024355 0.0105099861 0.37203364   3.6883764   4.1560991   4.38683743
phi[14]       4.41024355 0.0105099861 0.37203364   3.6883764   4.1560991   4.38683743
phi[15]       4.41024355 0.0105099861 0.37203364   3.6883764   4.1560991   4.38683743
phi[16]       4.41024355 0.0105099861 0.37203364   3.6883764   4.1560991   4.38683743
A[1]          0.96806086 0.0029773692 0.11344823   0.7545661   0.8907031   0.96420249
A[2]          2.31662801 0.0071247864 0.26504786   1.8267330   2.1343826   2.30559169
A[3]          1.49821736 0.0046078008 0.15879794   1.1958604   1.3872858   1.49047834
A[4]          1.06274651 0.0023891705 0.09815789   0.8786198   0.9961955   1.05982358
A[5]          2.24748799 0.0058379848 0.20690445   1.8574592   2.1113701   2.23732216
A[6]          2.68643214 0.0088535618 0.26510097   2.1667240   2.5097202   2.68058866
A[7]          2.41719821 0.0067833829 0.23813297   1.9620145   2.2557048   2.41081880
A[8]          1.82241019 0.0042727145 0.15514527   1.5291347   1.7158626   1.81634441
A[9]          0.81240431 0.0040437161 0.12207082   0.5935893   0.7286670   0.80516395
A[10]         1.38204894 0.0032061326 0.12971441   1.1378122   1.2921229   1.38103604
A[11]         2.06923108 0.0052559781 0.18413136   1.7118419   1.9422415   2.06631455
A[12]         3.09642424 0.0088466205 0.30017923   2.5106015   2.8985986   3.08579730
A[13]         2.79293509 0.0083584950 0.27604406   2.2670203   2.6154799   2.77974537
A[14]         1.38204894 0.0032061326 0.12971441   1.1378122   1.2921229   1.38103604
A[15]         0.96806086 0.0029773692 0.11344823   0.7545661   0.8907031   0.96420249
A[16]         1.82241019 0.0042727145 0.15514527   1.5291347   1.7158626   1.81634441
B[1]          3.44218269 0.0104197720 0.33170956   2.8121001   3.2183771   3.42809981
B[2]          2.09361554 0.0082962396 0.25634180   1.6223601   1.9198985   2.07775925
B[3]          2.91202619 0.0078872847 0.28450928   2.3593875   2.7233776   2.89219151
B[4]          3.34749704 0.0094672864 0.31934767   2.7485384   3.1367542   3.32769264
B[5]          2.16275556 0.0053339647 0.19732527   1.7973028   2.0302643   2.14950523
B[6]          1.72381141 0.0047408601 0.17829329   1.3839109   1.5989793   1.71769324
B[7]          1.99304534 0.0057392263 0.21644911   1.5906884   1.8384997   1.98729728
B[8]          2.58783336 0.0065398878 0.24138480   2.1396170   2.4258884   2.57384972
B[9]          3.59783924 0.0114255263 0.35835945   2.9199534   3.3559903   3.58014372
B[10]         3.02819461 0.0086532898 0.29822235   2.4773923   2.8276967   3.01018838
B[11]         2.34101247 0.0058322121 0.22287545   1.9256029   2.1869638   2.33127899
B[12]         1.31381931 0.0036200190 0.13897759   1.0507048   1.2159911   1.31102194
B[13]         1.61730846 0.0042686604 0.16162800   1.3151225   1.5063833   1.61080811
B[14]         3.02819461 0.0086532898 0.29822235   2.4773923   2.8276967   3.01018838
B[15]         3.44218269 0.0104197720 0.33170956   2.8121001   3.2183771   3.42809981
B[16]         2.58783336 0.0065398878 0.24138480   2.1396170   2.4258884   2.57384972
log_lik[1]    0.48422425 0.0019929153 0.07256548   0.3217373   0.4406681   0.48991329
log_lik[2]   -0.40082325 0.0092045073 0.31389103  -1.0570323  -0.6087210  -0.37519725
log_lik[3]    0.03926436 0.0092831767 0.31721242  -0.6305705  -0.1599897   0.05511400
log_lik[4]   -0.08049965 0.0027735644 0.09909068  -0.2900616  -0.1464504  -0.07507395
log_lik[5]    0.27474488 0.0016346303 0.06662475   0.1360222   0.2311469   0.27690866
log_lik[6]    0.46966451 0.0013544912 0.04969416   0.3683744   0.4380197   0.46998825
log_lik[7]    0.33916462 0.0019539041 0.07978214   0.1645019   0.2894495   0.34648539
log_lik[8]    0.49088225 0.0012767952 0.04907809   0.3929943   0.4597743   0.49008155
log_lik[9]   -0.23011000 0.0070691480 0.19465656  -0.6417758  -0.3563354  -0.21762209
log_lik[10]   0.55956747 0.0012266822 0.04619165   0.4626406   0.5297888   0.56025393
log_lik[11]   0.37373832 0.0013320584 0.06108258   0.2507179   0.3349506   0.37614409
log_lik[12]   0.63419768 0.0015154156 0.04825966   0.5336610   0.6050022   0.63429999
log_lik[13]  -0.27657887 0.0085954415 0.33145781  -0.9739797  -0.4906463  -0.25480815
log_lik[14]   0.25153284 0.0017237374 0.07293298   0.1001422   0.2066698   0.25529712
log_lik[15]   1.02699219 0.0025076424 0.07732952   0.8448740   0.9824151   1.03567646
log_lik[16]   0.47188278 0.0012489868 0.05136271   0.3702127   0.4389771   0.47183584
likel         4.42784439 0.0035163497 0.10140478   4.1857809   4.3772487   4.44751095
EAIC          1.14431123 0.0070326995 0.20280955   0.8819182   0.9952141   1.10497809
EBIC          5.00725484 0.0070326995 0.20280955   4.7448618   4.8581577   4.96792171
lp__         70.42510887 0.0566855876 1.62916873  66.4567267  69.6129113  70.73783439
                     75%        97.5%     n_eff      Rhat
alpha       -37.54120110 -29.31083054  631.0314 0.9997753
delta         1.53797214   1.64171733 1249.0964 0.9998591
beta[1]      83.78828696  93.60910535  659.1174 1.0002665
beta[2]     -13.68683819 -11.45255016  703.6641 1.0001978
beta[3]      -7.05091453  -1.64142658  899.5790 0.9996850
mu[1]         0.23502515   0.26965634  988.2220 0.9998004
mu[2]         0.55507764   0.60328537 1097.0658 0.9997682
mu[3]         0.35668301   0.39322375 1224.0028 0.9996000
mu[4]         0.25365479   0.27975861 1170.1119 0.9997081
mu[5]         0.52175877   0.54443866 1830.3034 1.0002343
mu[6]         0.62761923   0.66081568  867.4561 1.0004953
mu[7]         0.56907718   0.60488445 1609.2879 1.0003275
mu[8]         0.42383250   0.44431927 2480.2814 0.9999681
mu[9]         0.20278630   0.24381062  778.2992 0.9996888
mu[10]        0.32913834   0.35793222 1556.7532 0.9996131
mu[11]        0.48234191   0.50626123 2412.3511 1.0003343
mu[12]        0.71892052   0.74555324 1311.5832 1.0009223
mu[13]        0.65039610   0.68075541 1238.4346 1.0003767
mu[14]        0.32913834   0.35793222 1556.7532 0.9996131
mu[15]        0.23502515   0.26965634  988.2220 0.9998004
mu[16]        0.42383250   0.44431927 2480.2814 0.9999681
phi[1]        4.65514072   5.16403025 1253.0261 0.9999606
phi[2]        4.65514072   5.16403025 1253.0261 0.9999606
phi[3]        4.65514072   5.16403025 1253.0261 0.9999606
phi[4]        4.65514072   5.16403025 1253.0261 0.9999606
phi[5]        4.65514072   5.16403025 1253.0261 0.9999606
phi[6]        4.65514072   5.16403025 1253.0261 0.9999606
phi[7]        4.65514072   5.16403025 1253.0261 0.9999606
phi[8]        4.65514072   5.16403025 1253.0261 0.9999606
phi[9]        4.65514072   5.16403025 1253.0261 0.9999606
phi[10]       4.65514072   5.16403025 1253.0261 0.9999606
phi[11]       4.65514072   5.16403025 1253.0261 0.9999606
phi[12]       4.65514072   5.16403025 1253.0261 0.9999606
phi[13]       4.65514072   5.16403025 1253.0261 0.9999606
phi[14]       4.65514072   5.16403025 1253.0261 0.9999606
phi[15]       4.65514072   5.16403025 1253.0261 0.9999606
phi[16]       4.65514072   5.16403025 1253.0261 0.9999606
A[1]          1.04245247   1.20200114 1451.8777 1.0001861
A[2]          2.49486183   2.87261523 1383.9006 0.9996069
A[3]          1.60021502   1.83224365 1187.6879 0.9998847
A[4]          1.12841169   1.26593512 1687.9367 1.0001142
A[5]          2.38401648   2.66778808 1256.0697 0.9996722
A[6]          2.86069446   3.23032242  896.5749 0.9996158
A[7]          2.57547483   2.88889833 1232.3850 0.9996008
A[8]          1.92928795   2.13330412 1318.4672 0.9996859
A[9]          0.89001721   1.06583946  911.3022 0.9997758
A[10]         1.47113323   1.64291422 1636.8674 0.9996969
A[11]         2.19556882   2.43252159 1227.2935 0.9996179
A[12]         3.28997590   3.68818690 1151.3477 0.9996152
A[13]         2.96762545   3.34913092 1090.6883 0.9996421
A[14]         1.47113323   1.64291422 1636.8674 0.9996969
A[15]         1.04245247   1.20200114 1451.8777 1.0001861
A[16]         1.92928795   2.13330412 1318.4672 0.9996859
B[1]          3.66332607   4.11624633 1013.4435 0.9997694
B[2]          2.26314628   2.63570993  954.7206 1.0002162
B[3]          3.09614832   3.48843827 1301.1813 0.9998375
B[4]          3.55271217   4.00415538 1137.8276 0.9998295
B[5]          2.29850897   2.56220995 1368.5641 1.0003232
B[6]          1.84281089   2.08640316 1414.3461 1.0007361
B[7]          2.13335326   2.43622408 1422.3449 1.0007332
B[8]          2.74446210   3.09550007 1362.3203 1.0001432
B[9]          3.83001318   4.32662000  983.7512 0.9998309
B[10]         3.21558913   3.63832097 1187.7304 0.9999766
B[11]         2.48221469   2.79024457 1460.3529 1.0003949
B[12]         1.40432181   1.60109421 1473.8995 1.0013994
B[13]         1.72488160   1.94448655 1433.6725 1.0006644
B[14]         3.21558913   3.63832097 1187.7304 0.9999766
B[15]         3.66332607   4.11624633 1013.4435 0.9997694
B[16]         2.74446210   3.09550007 1362.3203 1.0001432
log_lik[1]    0.53502993   0.60972245 1325.8135 1.0000297
log_lik[2]   -0.17256976   0.15047719 1162.9385 0.9997542
log_lik[3]    0.25335049   0.63037385 1167.6351 0.9997267
log_lik[4]   -0.01312436   0.09704183 1276.4069 0.9996693
log_lik[5]    0.32136971   0.39069799 1661.2387 0.9999912
log_lik[6]    0.50467582   0.56365726 1346.0412 0.9999691
log_lik[7]    0.39353027   0.47883316 1667.2658 1.0005937
log_lik[8]    0.52329621   0.58634929 1477.5182 1.0001083
log_lik[9]   -0.09570591   0.12016644  758.2352 0.9996008
log_lik[10]   0.59218678   0.64591398 1417.9560 0.9997208
log_lik[11]   0.41539321   0.49120814 2102.7529 1.0005394
log_lik[12]   0.66702818   0.72230593 1014.1565 0.9996041
log_lik[13]  -0.04678080   0.32910247 1487.0314 1.0007573
log_lik[14]   0.30402873   0.38015428 1790.2173 0.9996161
log_lik[15]   1.08078590   1.15494143  950.9538 0.9996742
log_lik[16]   0.50574196   0.57098762 1691.1426 1.0001675
likel         4.50239296   4.55904090  831.6349 1.0001773
EAIC          1.24550251   1.62843812  831.6349 1.0001773
EBIC          5.10844613   5.49138173  831.6349 1.0001773
lp__         71.62030167  72.50668861  826.0129 1.0001200

WAIC and LOOIC Results:
WAIC: -8.443648 
LOOIC: -8.441373 
EAIC: 1.144311 
EBIC: 5.007255 
