Summary Results:
                   mean      se_mean         sd        2.5%          25%         50%
alpha        0.37444233 0.0013190754 0.06432609  0.25226857  0.329763068  0.37464397
delta        0.95133365 0.0016662796 0.07981286  0.78652227  0.898981812  0.95217831
mu[1]        0.59243946 0.0003180414 0.01551185  0.56273479  0.581701726  0.59258065
mu[2]        0.59243946 0.0003180414 0.01551185  0.56273479  0.581701726  0.59258065
mu[3]        0.59243946 0.0003180414 0.01551185  0.56273479  0.581701726  0.59258065
mu[4]        0.59243946 0.0003180414 0.01551185  0.56273479  0.581701726  0.59258065
mu[5]        0.59243946 0.0003180414 0.01551185  0.56273479  0.581701726  0.59258065
mu[6]        0.59243946 0.0003180414 0.01551185  0.56273479  0.581701726  0.59258065
mu[7]        0.59243946 0.0003180414 0.01551185  0.56273479  0.581701726  0.59258065
mu[8]        0.59243946 0.0003180414 0.01551185  0.56273479  0.581701726  0.59258065
mu[9]        0.59243946 0.0003180414 0.01551185  0.56273479  0.581701726  0.59258065
mu[10]       0.59243946 0.0003180414 0.01551185  0.56273479  0.581701726  0.59258065
mu[11]       0.59243946 0.0003180414 0.01551185  0.56273479  0.581701726  0.59258065
mu[12]       0.59243946 0.0003180414 0.01551185  0.56273479  0.581701726  0.59258065
mu[13]       0.59243946 0.0003180414 0.01551185  0.56273479  0.581701726  0.59258065
mu[14]       0.59243946 0.0003180414 0.01551185  0.56273479  0.581701726  0.59258065
mu[15]       0.59243946 0.0003180414 0.01551185  0.56273479  0.581701726  0.59258065
mu[16]       0.59243946 0.0003180414 0.01551185  0.56273479  0.581701726  0.59258065
phi[1]       2.59739027 0.0042376716 0.20668514  2.19574700  2.457100049  2.59134827
phi[2]       2.59739027 0.0042376716 0.20668514  2.19574700  2.457100049  2.59134827
phi[3]       2.59739027 0.0042376716 0.20668514  2.19574700  2.457100049  2.59134827
phi[4]       2.59739027 0.0042376716 0.20668514  2.19574700  2.457100049  2.59134827
phi[5]       2.59739027 0.0042376716 0.20668514  2.19574700  2.457100049  2.59134827
phi[6]       2.59739027 0.0042376716 0.20668514  2.19574700  2.457100049  2.59134827
phi[7]       2.59739027 0.0042376716 0.20668514  2.19574700  2.457100049  2.59134827
phi[8]       2.59739027 0.0042376716 0.20668514  2.19574700  2.457100049  2.59134827
phi[9]       2.59739027 0.0042376716 0.20668514  2.19574700  2.457100049  2.59134827
phi[10]      2.59739027 0.0042376716 0.20668514  2.19574700  2.457100049  2.59134827
phi[11]      2.59739027 0.0042376716 0.20668514  2.19574700  2.457100049  2.59134827
phi[12]      2.59739027 0.0042376716 0.20668514  2.19574700  2.457100049  2.59134827
phi[13]      2.59739027 0.0042376716 0.20668514  2.19574700  2.457100049  2.59134827
phi[14]      2.59739027 0.0042376716 0.20668514  2.19574700  2.457100049  2.59134827
phi[15]      2.59739027 0.0042376716 0.20668514  2.19574700  2.457100049  2.59134827
phi[16]      2.59739027 0.0042376716 0.20668514  2.19574700  2.457100049  2.59134827
A[1]         1.53928307 0.0029287884 0.13459861  1.28625949  1.448865175  1.53487229
A[2]         1.53928307 0.0029287884 0.13459861  1.28625949  1.448865175  1.53487229
A[3]         1.53928307 0.0029287884 0.13459861  1.28625949  1.448865175  1.53487229
A[4]         1.53928307 0.0029287884 0.13459861  1.28625949  1.448865175  1.53487229
A[5]         1.53928307 0.0029287884 0.13459861  1.28625949  1.448865175  1.53487229
A[6]         1.53928307 0.0029287884 0.13459861  1.28625949  1.448865175  1.53487229
A[7]         1.53928307 0.0029287884 0.13459861  1.28625949  1.448865175  1.53487229
A[8]         1.53928307 0.0029287884 0.13459861  1.28625949  1.448865175  1.53487229
A[9]         1.53928307 0.0029287884 0.13459861  1.28625949  1.448865175  1.53487229
A[10]        1.53928307 0.0029287884 0.13459861  1.28625949  1.448865175  1.53487229
A[11]        1.53928307 0.0029287884 0.13459861  1.28625949  1.448865175  1.53487229
A[12]        1.53928307 0.0029287884 0.13459861  1.28625949  1.448865175  1.53487229
A[13]        1.53928307 0.0029287884 0.13459861  1.28625949  1.448865175  1.53487229
A[14]        1.53928307 0.0029287884 0.13459861  1.28625949  1.448865175  1.53487229
A[15]        1.53928307 0.0029287884 0.13459861  1.28625949  1.448865175  1.53487229
A[16]        1.53928307 0.0029287884 0.13459861  1.28625949  1.448865175  1.53487229
B[1]         1.05810720 0.0016976395 0.08765821  0.88353318  0.998756535  1.05442120
B[2]         1.05810720 0.0016976395 0.08765821  0.88353318  0.998756535  1.05442120
B[3]         1.05810720 0.0016976395 0.08765821  0.88353318  0.998756535  1.05442120
B[4]         1.05810720 0.0016976395 0.08765821  0.88353318  0.998756535  1.05442120
B[5]         1.05810720 0.0016976395 0.08765821  0.88353318  0.998756535  1.05442120
B[6]         1.05810720 0.0016976395 0.08765821  0.88353318  0.998756535  1.05442120
B[7]         1.05810720 0.0016976395 0.08765821  0.88353318  0.998756535  1.05442120
B[8]         1.05810720 0.0016976395 0.08765821  0.88353318  0.998756535  1.05442120
B[9]         1.05810720 0.0016976395 0.08765821  0.88353318  0.998756535  1.05442120
B[10]        1.05810720 0.0016976395 0.08765821  0.88353318  0.998756535  1.05442120
B[11]        1.05810720 0.0016976395 0.08765821  0.88353318  0.998756535  1.05442120
B[12]        1.05810720 0.0016976395 0.08765821  0.88353318  0.998756535  1.05442120
B[13]        1.05810720 0.0016976395 0.08765821  0.88353318  0.998756535  1.05442120
B[14]        1.05810720 0.0016976395 0.08765821  0.88353318  0.998756535  1.05442120
B[15]        1.05810720 0.0016976395 0.08765821  0.88353318  0.998756535  1.05442120
B[16]        1.05810720 0.0016976395 0.08765821  0.88353318  0.998756535  1.05442120
log_lik[1]   0.01319853 0.0009079623 0.04603432 -0.08158455 -0.017177876  0.01368353
log_lik[2]  -1.36993731 0.0067978447 0.30860235 -1.99874888 -1.573358936 -1.35865054
log_lik[3]  -0.20535420 0.0012410755 0.06043281 -0.33060253 -0.243995697 -0.20382392
log_lik[4]   0.02260044 0.0009056431 0.04598320 -0.07122651 -0.007653955  0.02273758
log_lik[5]   0.16270156 0.0009554419 0.04701901  0.06334550  0.132392930  0.16358738
log_lik[6]   0.24098318 0.0010116358 0.04528359  0.14995929  0.212042154  0.24153221
log_lik[7]   0.28876948 0.0009526811 0.04431815  0.19880551  0.259307744  0.28926865
log_lik[8]   0.20178191 0.0009967136 0.04663972  0.10545213  0.171415235  0.20246150
log_lik[9]   0.30158906 0.0020580554 0.10458503  0.08681086  0.231215883  0.30313804
log_lik[10]  0.28178085 0.0009694623 0.04386723  0.19237906  0.253194282  0.28291116
log_lik[11]  0.27076652 0.0009893702 0.04392650  0.18198822  0.241874088  0.27143602
log_lik[12]  0.04457214 0.0009032582 0.04598883 -0.04937464  0.014795944  0.04476060
log_lik[13]  0.26820978 0.0009928229 0.04400883  0.17890742  0.239344525  0.26886609
log_lik[14]  0.28858479 0.0009531346 0.04429800  0.19864497  0.259096852  0.28905851
log_lik[15] -0.07286168 0.0009737504 0.04849914 -0.17421667 -0.105904940 -0.07052103
log_lik[16]  0.28241445 0.0028540140 0.14622903 -0.01856135  0.185318324  0.28563541
likel        1.01979952 0.0020713713 0.06511356  0.84270336  0.994249481  1.04027773
EAIC         1.96040095 0.0041427425 0.13022711  1.83451117  1.868585123  1.91944454
EBIC         3.50557840 0.0041427425 0.13022711  3.37968862  3.413762568  3.46462198
lp__        16.31673960 0.0331419143 1.04181679 13.48320749 15.907945853 16.64438461
                    75%       97.5%     n_eff      Rhat
alpha        0.41670751  0.50137640 2378.1274 1.0023728
delta        1.00412546  1.10726327 2294.2986 1.0010857
mu[1]        0.60269512  0.62278274 2378.8092 1.0023637
mu[2]        0.60269512  0.62278274 2378.8092 1.0023637
mu[3]        0.60269512  0.62278274 2378.8092 1.0023637
mu[4]        0.60269512  0.62278274 2378.8092 1.0023637
mu[5]        0.60269512  0.62278274 2378.8092 1.0023637
mu[6]        0.60269512  0.62278274 2378.8092 1.0023637
mu[7]        0.60269512  0.62278274 2378.8092 1.0023637
mu[8]        0.60269512  0.62278274 2378.8092 1.0023637
mu[9]        0.60269512  0.62278274 2378.8092 1.0023637
mu[10]       0.60269512  0.62278274 2378.8092 1.0023637
mu[11]       0.60269512  0.62278274 2378.8092 1.0023637
mu[12]       0.60269512  0.62278274 2378.8092 1.0023637
mu[13]       0.60269512  0.62278274 2378.8092 1.0023637
mu[14]       0.60269512  0.62278274 2378.8092 1.0023637
mu[15]       0.60269512  0.62278274 2378.8092 1.0023637
mu[16]       0.60269512  0.62278274 2378.8092 1.0023637
phi[1]       2.72951917  3.02606581 2378.8328 1.0009502
phi[2]       2.72951917  3.02606581 2378.8328 1.0009502
phi[3]       2.72951917  3.02606581 2378.8328 1.0009502
phi[4]       2.72951917  3.02606581 2378.8328 1.0009502
phi[5]       2.72951917  3.02606581 2378.8328 1.0009502
phi[6]       2.72951917  3.02606581 2378.8328 1.0009502
phi[7]       2.72951917  3.02606581 2378.8328 1.0009502
phi[8]       2.72951917  3.02606581 2378.8328 1.0009502
phi[9]       2.72951917  3.02606581 2378.8328 1.0009502
phi[10]      2.72951917  3.02606581 2378.8328 1.0009502
phi[11]      2.72951917  3.02606581 2378.8328 1.0009502
phi[12]      2.72951917  3.02606581 2378.8328 1.0009502
phi[13]      2.72951917  3.02606581 2378.8328 1.0009502
phi[14]      2.72951917  3.02606581 2378.8328 1.0009502
phi[15]      2.72951917  3.02606581 2378.8328 1.0009502
phi[16]      2.72951917  3.02606581 2378.8328 1.0009502
A[1]         1.62646380  1.80989624 2112.0547 1.0020701
A[2]         1.62646380  1.80989624 2112.0547 1.0020701
A[3]         1.62646380  1.80989624 2112.0547 1.0020701
A[4]         1.62646380  1.80989624 2112.0547 1.0020701
A[5]         1.62646380  1.80989624 2112.0547 1.0020701
A[6]         1.62646380  1.80989624 2112.0547 1.0020701
A[7]         1.62646380  1.80989624 2112.0547 1.0020701
A[8]         1.62646380  1.80989624 2112.0547 1.0020701
A[9]         1.62646380  1.80989624 2112.0547 1.0020701
A[10]        1.62646380  1.80989624 2112.0547 1.0020701
A[11]        1.62646380  1.80989624 2112.0547 1.0020701
A[12]        1.62646380  1.80989624 2112.0547 1.0020701
A[13]        1.62646380  1.80989624 2112.0547 1.0020701
A[14]        1.62646380  1.80989624 2112.0547 1.0020701
A[15]        1.62646380  1.80989624 2112.0547 1.0020701
A[16]        1.62646380  1.80989624 2112.0547 1.0020701
B[1]         1.11485058  1.23779009 2666.2093 0.9997069
B[2]         1.11485058  1.23779009 2666.2093 0.9997069
B[3]         1.11485058  1.23779009 2666.2093 0.9997069
B[4]         1.11485058  1.23779009 2666.2093 0.9997069
B[5]         1.11485058  1.23779009 2666.2093 0.9997069
B[6]         1.11485058  1.23779009 2666.2093 0.9997069
B[7]         1.11485058  1.23779009 2666.2093 0.9997069
B[8]         1.11485058  1.23779009 2666.2093 0.9997069
B[9]         1.11485058  1.23779009 2666.2093 0.9997069
B[10]        1.11485058  1.23779009 2666.2093 0.9997069
B[11]        1.11485058  1.23779009 2666.2093 0.9997069
B[12]        1.11485058  1.23779009 2666.2093 0.9997069
B[13]        1.11485058  1.23779009 2666.2093 0.9997069
B[14]        1.11485058  1.23779009 2666.2093 0.9997069
B[15]        1.11485058  1.23779009 2666.2093 0.9997069
B[16]        1.11485058  1.23779009 2666.2093 0.9997069
log_lik[1]   0.04516560  0.10081822 2570.5603 0.9996863
log_lik[2]  -1.15830540 -0.79403506 2060.8956 1.0028119
log_lik[3]  -0.16192442 -0.09726089 2371.0966 1.0022237
log_lik[4]   0.05502406  0.11031068 2578.0076 0.9996465
log_lik[5]   0.19379415  0.25351646 2421.8009 1.0004435
log_lik[6]   0.27115087  0.32652296 2003.7029 1.0021248
log_lik[7]   0.31866096  0.37513794 2164.0543 1.0035687
log_lik[8]   0.23264371  0.29139537 2189.6313 1.0011303
log_lik[9]   0.37606181  0.49742970 2582.4085 1.0002715
log_lik[10]  0.31136391  0.36505196 2047.4752 1.0034485
log_lik[11]  0.30103682  0.35455211 1971.2226 1.0031174
log_lik[12]  0.07707651  0.13113206 2592.2743 0.9996010
log_lik[13]  0.29828603  0.35193584 1964.8799 1.0030305
log_lik[14]  0.31847720  0.37507151 2160.0300 1.0035671
log_lik[15] -0.03960989  0.01875078 2480.6913 1.0005237
log_lik[16]  0.38445776  0.55653869 2625.1552 0.9998624
likel        1.06570744  1.08274441  988.1592 0.9999298
EAIC         2.01150104  2.31459328  988.1592 0.9999298
EBIC         3.55667848  3.85977072  988.1592 0.9999298
lp__        17.05126308 17.32385823  988.1606 0.9999298

WAIC and LOOIC Results:
WAIC: -1.881061 
LOOIC: -1.880266 
EAIC: 1.960401 
EBIC: 3.505578 
