            stats
parameter             mean           sd          2.5%          25%          50%          75%
  alpha         1.82702900  0.899229620   0.150120518   1.21008090   1.79762012   2.43250778
  delta       -14.45306646  2.421817509 -19.218273775 -16.05182278 -14.52204992 -12.89810255
  beta[1]       4.52935355  1.172146692   2.132320412   3.74400007   4.56484746   5.35529221
  beta[2]      -5.21635239  0.368421538  -5.947041817  -5.45909870  -5.20640357  -4.96434816
  beta[3]      -6.86532731  0.468213196  -7.782669599  -7.18375994  -6.86565249  -6.54674472
  epsilon[1]   25.44358267  3.484059288  18.294407620  23.16765072  25.52554084  27.72693990
  epsilon[2]    4.70973452  0.900017741   2.883158263   4.12101844   4.73010240   5.31113780
  epsilon[3]  -13.49687069  1.437619602 -16.247336665 -14.49640831 -13.51465112 -12.52998245
  epsilon[4]   -3.19127987  1.355202208  -5.867855938  -4.09828826  -3.19077842  -2.30787255
  mu[1]         0.80604640  0.016626088   0.772295121   0.79526420   0.80650342   0.81740394
  mu[2]         0.53568305  0.007037147   0.521999703   0.53103690   0.53576507   0.54031141
  mu[3]         0.50619071  0.023844541   0.459908273   0.48970970   0.50595086   0.52223737
  mu[4]         0.21590616  0.009225407   0.197940996   0.20980603   0.21576143   0.22187383
  mu[5]         0.67423831  0.006386770   0.661861604   0.66983465   0.67427670   0.67853179
  mu[6]         0.76274161  0.009119180   0.744784107   0.75637048   0.76282616   0.76899514
  mu[7]         0.24704917  0.009702797   0.227787440   0.24062454   0.24701424   0.25319884
  mu[8]         0.40808649  0.015518665   0.378232307   0.39740325   0.40789572   0.41852991
  mu[9]         0.79428629  0.007259092   0.778964887   0.78954702   0.79452150   0.79921925
  mu[10]        0.65660548  0.010867383   0.634675599   0.64941708   0.65672126   0.66391891
  mu[11]        0.32678057  0.008629133   0.309598844   0.32096202   0.32669186   0.33240203
  mu[12]        0.48097991  0.012310601   0.456872771   0.47236951   0.48110072   0.48925062
  mu[13]        0.52372039  0.010444548   0.503916455   0.51665815   0.52345233   0.53083650
  mu[14]        0.52144564  0.012551937   0.494664674   0.51337043   0.52216394   0.53043239
  mu[15]        0.09962236  0.009225987   0.082062439   0.09332727   0.09938769   0.10609934
  mu[16]        0.76245003  0.015306020   0.733268964   0.75218748   0.76259589   0.77276656
  mu[17]        0.23319994  0.019912147   0.195927830   0.21914168   0.23278238   0.24673302
  mu[18]        0.14983440  0.011598244   0.127607765   0.14187856   0.14954409   0.15801233
  mu[19]        0.55990984  0.009130199   0.541429069   0.55375942   0.55993571   0.56606910
  mu[20]        0.60914205  0.010214510   0.587030234   0.60261779   0.60979725   0.61625494
  mu[21]        0.54228728  0.012771352   0.516486945   0.53432675   0.54255260   0.55116715
  mu[22]        0.57594917  0.026441994   0.522407114   0.55854038   0.57596380   0.59344144
  mu[23]        0.29531653  0.011523428   0.272471137   0.28745260   0.29523646   0.30311988
  mu[24]        0.34046698  0.018562542   0.305234143   0.32784804   0.33998173   0.35275485
  mu[25]        0.63685961  0.026139239   0.583051368   0.61997029   0.63698552   0.65447953
  phi[1]        3.63006766  0.641702690   2.539001140   3.18463876   3.56735512   4.00235418
  phi[2]       16.17314044  1.537664653  13.397627519  15.11015561  16.11577167  17.14622711
  phi[3]        8.50178725  1.623702471   5.746874652   7.38113132   8.34005666   9.44590812
  phi[4]        8.65848832  0.973937011   6.864874009   7.98529940   8.58933432   9.29981570
  phi[5]       29.99211015  4.092305714  22.721137481  27.09285628  29.76565515  32.64520429
  phi[6]       31.14830023  4.286028130  23.376661821  28.18698571  30.99709692  33.74564625
  phi[7]        9.94059780  1.292741638   7.605488117   9.04827540   9.88040694  10.75603996
  phi[8]        6.66717172  0.839801754   5.144252140   6.07075156   6.64385586   7.20242434
  phi[9]      104.68061386 25.430913124  63.761373945  86.26670364 102.17112479 119.75997669
  phi[10]      13.85843633  0.986532816  11.975065322  13.17581110  13.85983499  14.52200181
  phi[11]       7.03203170  0.948080284   5.370404765   6.35087035   6.98715491   7.64204691
  phi[12]       5.07660196  0.542602062   4.065736903   4.70173302   5.05628544   5.42236810
  phi[13]      21.87804300  3.611200585  15.609724766  19.39799810  21.65279853  23.96587354
  phi[14]      43.95929709 10.418519007  26.528405104  36.54649826  42.85547481  50.06040653
  phi[15]       3.68691300  0.642084350   2.567124809   3.23173574   3.63890155   4.09264970
  phi[16]       3.01216850  0.613445204   2.018403150   2.58526725   2.95094196   3.36325775
  phi[17]       3.72144305  0.731965671   2.528051422   3.19763441   3.66266902   4.14312012
  phi[18]       4.12210659  0.576695591   3.093822459   3.72808785   4.08953535   4.49332170
  phi[19]       9.06378113  1.176461356   6.998738568   8.25178705   8.96420843   9.78364814
  phi[20]      45.65035956 10.242160587  28.758965138  38.58322822  44.55954560  51.70195790
  phi[21]      33.34021855  6.621715569  21.950431789  28.63250690  32.89572446  37.51984312
  phi[22]       3.78979611  0.659956745   2.745716018   3.31141395   3.70889466   4.16278505
  phi[23]       3.82333836  0.377862488   3.136212461   3.56236097   3.80873531   4.06198789
  phi[24]       2.75377838  0.384452983   2.075821606   2.49552376   2.71514821   2.98069755
  phi[25]       1.01574998  0.239622174   0.626441242   0.84661324   0.98156225   1.15029057
  A[1]          2.93257445  0.559640774   1.986804089   2.53948627   2.87984209   3.26128167
  A[2]          8.65940746  0.783932404   7.227893560   8.10743125   8.64125495   9.14639692
  A[3]          4.32523358  0.967436062   2.779179541   3.65586487   4.21075678   4.87562859
  A[4]          1.86651322  0.198399551   1.496257006   1.72904517   1.86021489   1.99871792
  A[5]         20.22245272  2.768713888  15.281324971  18.24324525  20.10630632  21.99890646
  A[6]         23.74657953  3.191854592  17.962531435  21.56099712  23.62659599  25.65504589
  A[7]          2.45308285  0.311378074   1.881219209   2.23922209   2.44266015   2.65411922
  A[8]          2.72394881  0.382369911   2.034374116   2.45229725   2.71231903   2.96279082
  A[9]         83.24296050 20.638030869  50.213187574  68.28347301  81.17941416  95.64396345
  A[10]         9.09828558  0.647894513   7.866033093   8.63647736   9.10074662   9.51908866
  A[11]         2.29617677  0.301686212   1.746815847   2.08272401   2.28125145   2.49403115
  A[12]         2.44254995  0.275463634   1.940765634   2.25483587   2.43243605   2.61055041
  A[13]        11.45883922  1.905304117   8.080091316  10.13725992  11.34550015  12.58188404
  A[14]        23.00796512  5.825029456  13.267173276  18.84616661  22.44302178  26.44004145
  A[15]         0.36806136  0.077077526   0.237295850   0.31336256   0.36099467   0.41244600
  A[16]         2.30023306  0.489858628   1.514315500   1.96012862   2.24432489   2.57688860
  A[17]         0.87450255  0.220713386   0.530418019   0.71796512   0.84613496   0.99281827
  A[18]         0.61918317  0.109342290   0.431622015   0.54198567   0.60946887   0.68416742
  A[19]         5.07389741  0.655100350   3.908829156   4.63077399   5.02722508   5.46953779
  A[20]        27.86524007  6.515099410  17.060008270  23.27045196  27.17334232  31.73090413
  A[21]        18.10641155  3.743015101  11.604260019  15.44221388  17.82960471  20.49827274
  A[22]         2.19444309  0.461006636   1.481459451   1.85832456   2.14157620   2.44854715
  A[23]         1.12886393  0.117655550   0.913250028   1.04841363   1.12385658   1.20304382
  A[24]         0.94190223  0.169159324   0.658986799   0.82554345   0.92456325   1.03839988
  A[25]         0.65143158  0.175529339   0.374109432   0.52977277   0.62357741   0.74646909
  B[1]          0.69749321  0.096614769   0.521506697   0.63166168   0.69121731   0.75593282
  B[2]          7.51373297  0.768178904   6.152971820   6.98347720   7.46332344   7.98632158
  B[3]          4.17655366  0.693181020   2.943809763   3.69828343   4.13276871   4.60207245
  B[4]          6.79197510  0.794133369   5.348270835   6.22982725   6.74391626   7.31931013
  B[5]          9.76965743  1.343957584   7.435968667   8.82030620   9.67651533  10.64682341
  B[6]          7.40172070  1.138497480   5.394096152   6.59708937   7.33961017   8.08450926
  B[7]          7.48751494  1.000357343   5.711917519   6.79730347   7.42777290   8.12856666
  B[8]          3.94322291  0.481814241   3.074380180   3.60933554   3.92552412   4.25409383
  B[9]         21.43765336  4.845592101  13.564653131  17.93681054  20.97514987  24.33771029
  B[10]         4.76015075  0.386643607   4.039768244   4.49667277   4.74715555   5.02150174
  B[11]         4.73585493  0.655042943   3.590011699   4.26655031   4.70396508   5.16700794
  B[12]         2.63405201  0.281169279   2.129906491   2.44311268   2.61773828   2.81858701
  B[13]        10.41920378  1.734867569   7.441859553   9.23771373  10.30902961  11.41195215
  B[14]        20.95133197  4.624786483  13.168345256  17.74606740  20.47124541  23.67347074
  B[15]         3.31885164  0.574094672   2.314166610   2.91398042   3.27957025   3.68963363
  B[16]         0.71193544  0.133079084   0.490621652   0.61937652   0.69789034   0.78885297
  B[17]         2.84694051  0.526351619   1.962688475   2.47706141   2.80827869   3.15887824
  B[18]         3.50292342  0.480388516   2.644209391   3.17195471   3.47854605   3.80680496
  B[19]         3.98988371  0.532827989   3.068030847   3.62106449   3.94338609   4.31907104
  B[20]        17.78511949  3.756356548  11.576094347  15.23866362  17.41008644  19.91287638
  B[21]        15.23380700  2.927611003  10.245240773  13.13033304  14.99178194  17.02184036
  B[22]         1.59535303  0.217912351   1.230181419   1.44290395   1.57428528   1.72869203
  B[23]         2.69447442  0.272398523   2.195207164   2.50608831   2.68026353   2.86570282
  B[24]         1.81187615  0.224160618   1.404378643   1.66111597   1.79507897   1.95030580
  B[25]         0.36431840  0.067664673   0.248736052   0.31643735   0.35786244   0.40330453
  log_lik[1]    1.58448971  0.083971346   1.406779950   1.53249198   1.58846090   1.64440081
  log_lik[2]    1.07686791  0.037408642   1.003640193   1.05201995   1.07775102   1.10290908
  log_lik[3]    0.29985900  0.150370549   0.015566591   0.19714157   0.30233284   0.40083800
  log_lik[4]    0.44871974  0.219630719  -0.001622058   0.29850709   0.46167301   0.60613890
  log_lik[5]    0.70262449  0.096466420   0.497163014   0.64168116   0.70816511   0.77077912
  log_lik[6]    0.40356888  0.166944035   0.053961097   0.29060248   0.41034627   0.52096475
  log_lik[7]    0.86818480  0.065783387   0.729883935   0.82497468   0.86946381   0.91460829
  log_lik[8]    0.70603468  0.065238627   0.575336879   0.66281369   0.70870220   0.75050078
  log_lik[9]    1.95551129  0.171039900   1.615661653   1.84418078   1.95769735   2.07316741
  log_lik[10]  -0.75370193  0.179129564  -1.122599736  -0.86624804  -0.74770994  -0.63017029
  log_lik[11]  -0.06630775  0.073976628  -0.220868592  -0.11090382  -0.05915487  -0.01504182
  log_lik[12]   0.53044066  0.056701955   0.416825675   0.49385310   0.53055509   0.56904325
  log_lik[13]   1.18966282  0.080421489   1.035201779   1.13554951   1.18804781   1.24209567
  log_lik[14]   1.62979791  0.131469240   1.348930525   1.54452157   1.63788700   1.72158602
  log_lik[15]   1.50648402  0.097127176   1.292552186   1.44663113   1.51350693   1.57629052
  log_lik[16]   1.14569336  0.061311666   1.016084178   1.10967642   1.14912848   1.18471448
  log_lik[17]  -0.62892067  0.128207604  -0.887045978  -0.71755688  -0.62597718  -0.54027053
  log_lik[18]   0.18363816  0.110183999  -0.035776816   0.10992654   0.18248870   0.25813075
  log_lik[19]   0.84674472  0.064545284   0.719657818   0.80482364   0.84655861   0.88847479
  log_lik[20]   1.53152164  0.134107637   1.249800639   1.44207965   1.53562310   1.62507032
  log_lik[21]   1.50241526  0.104686983   1.286315467   1.43330040   1.50786113   1.57493380
  log_lik[22]   0.39206664  0.098295728   0.207316049   0.32237700   0.39101137   0.45661404
  log_lik[23]   0.66224817  0.191156248   0.245974476   0.54305059   0.67501968   0.79588297
  log_lik[24]  -0.30091342  0.088163369  -0.472489795  -0.36059164  -0.30317742  -0.24062254
  log_lik[25]  -0.07281835  0.141663741  -0.363981481  -0.16644618  -0.07400957   0.02040588
  likel        17.34391176  0.086490505  17.139208912  17.29578265  17.35553216  17.40734183
  EAIC        -16.68782351  0.172981009 -16.953159957 -16.81468366 -16.71106431 -16.59156529
  EBIC         -5.71794109  0.172981009  -5.983277533  -5.84480123  -5.74118189  -5.62168287
  lp__        433.59719677  2.162257754 428.479742519 432.39397003 433.88766871 435.18292078
             stats
parameter           97.5%
  alpha         3.6424895
  delta        -9.5629459
  beta[1]       6.6888814
  beta[2]      -4.5060998
  beta[3]      -5.9584319
  epsilon[1]   32.2993877
  epsilon[2]    6.3850428
  epsilon[3]  -10.5675388
  epsilon[4]   -0.5103194
  mu[1]         0.8368848
  mu[2]         0.5494631
  mu[3]         0.5530288
  mu[4]         0.2345562
  mu[5]         0.6866732
  mu[6]         0.7806676
  mu[7]         0.2665451
  mu[8]         0.4387742
  mu[9]         0.8079022
  mu[10]        0.6767807
  mu[11]        0.3443186
  mu[12]        0.5047011
  mu[13]        0.5438573
  mu[14]        0.5441978
  mu[15]        0.1182661
  mu[16]        0.7919970
  mu[17]        0.2722071
  mu[18]        0.1725597
  mu[19]        0.5781981
  mu[20]        0.6271341
  mu[21]        0.5662290
  mu[22]        0.6270235
  mu[23]        0.3176024
  mu[24]        0.3772178
  mu[25]        0.6881921
  phi[1]        5.0490215
  phi[2]       19.5063680
  phi[3]       12.0954773
  phi[4]       10.6744241
  phi[5]       38.7626433
  phi[6]       40.1622454
  phi[7]       12.7228016
  phi[8]        8.4400181
  phi[9]      161.3334132
  phi[10]      15.8758806
  phi[11]       9.0342014
  phi[12]       6.2102628
  phi[13]      29.8835276
  phi[14]      67.4695790
  phi[15]       5.0397168
  phi[16]       4.3916449
  phi[17]       5.4515277
  phi[18]       5.3692846
  phi[19]      11.5920068
  phi[20]      68.7387792
  phi[21]      47.5344054
  phi[22]       5.2959201
  phi[23]       4.6384283
  phi[24]       3.6211288
  phi[25]       1.5549884
  A[1]          4.2000897
  A[2]         10.3159033
  A[3]          6.5565343
  A[4]          2.2736311
  A[5]         26.0514228
  A[6]         30.2696608
  A[7]          3.0917424
  A[8]          3.5425900
  A[9]        129.4347854
  A[10]        10.4149316
  A[11]         2.9214090
  A[12]         3.0170511
  A[13]        15.6250762
  A[14]        36.0997184
  A[15]         0.5427154
  A[16]         3.3853398
  A[17]         1.4036819
  A[18]         0.8636514
  A[19]         6.4716232
  A[20]        42.6623666
  A[21]        26.1018838
  A[22]         3.2649936
  A[23]         1.3783978
  A[24]         1.3325007
  A[25]         1.0612988
  B[1]          0.9014025
  B[2]          9.1559687
  B[3]          5.6370301
  B[4]          8.4493056
  B[5]         12.6637303
  B[6]          9.9258133
  B[7]          9.6145581
  B[8]          4.9437122
  B[9]         32.6435202
  B[10]         5.5373580
  B[11]         6.1180840
  B[12]         3.2273123
  B[13]        14.2682150
  B[14]        31.2745007
  B[15]         4.5494848
  B[16]         1.0159262
  B[17]         4.0375878
  B[18]         4.5249587
  B[19]         5.1418649
  B[20]        26.3254696
  B[21]        21.7321069
  B[22]         2.0670625
  B[23]         3.2865342
  B[24]         2.2967395
  B[25]         0.5153897
  log_lik[1]    1.7334535
  log_lik[2]    1.1476631
  log_lik[3]    0.5940460
  log_lik[4]    0.8520108
  log_lik[5]    0.8725349
  log_lik[6]    0.7091596
  log_lik[7]    0.9903406
  log_lik[8]    0.8277506
  log_lik[9]    2.2867743
  log_lik[10]  -0.4158676
  log_lik[11]   0.0647681
  log_lik[12]   0.6405098
  log_lik[13]   1.3544067
  log_lik[14]   1.8679566
  log_lik[15]   1.6748015
  log_lik[16]   1.2558062
  log_lik[17]  -0.3877039
  log_lik[18]   0.3993878
  log_lik[19]   0.9736826
  log_lik[20]   1.7774693
  log_lik[21]   1.7000498
  log_lik[22]   0.5856946
  log_lik[23]   1.0025728
  log_lik[24]  -0.1250913
  log_lik[25]   0.1996802
  likel        17.4765800
  EAIC        -16.2784178
  EBIC         -5.3085354
  lp__        436.9138041