Summary Results:
                    mean      se_mean         sd        2.5%          25%          50%
alpha       -0.237246974 0.0009156649 0.04185467 -0.31649724 -0.266175837 -0.238037666
delta        0.957985426 0.0010824609 0.04862332  0.85921343  0.925508961  0.959515736
mu[1]        0.440990299 0.0002256466 0.01031505  0.42152963  0.433846161  0.440769994
mu[2]        0.440990299 0.0002256466 0.01031505  0.42152963  0.433846161  0.440769994
mu[3]        0.440990299 0.0002256466 0.01031505  0.42152963  0.433846161  0.440769994
mu[4]        0.440990299 0.0002256466 0.01031505  0.42152963  0.433846161  0.440769994
mu[5]        0.440990299 0.0002256466 0.01031505  0.42152963  0.433846161  0.440769994
mu[6]        0.440990299 0.0002256466 0.01031505  0.42152963  0.433846161  0.440769994
mu[7]        0.440990299 0.0002256466 0.01031505  0.42152963  0.433846161  0.440769994
mu[8]        0.440990299 0.0002256466 0.01031505  0.42152963  0.433846161  0.440769994
mu[9]        0.440990299 0.0002256466 0.01031505  0.42152963  0.433846161  0.440769994
mu[10]       0.440990299 0.0002256466 0.01031505  0.42152963  0.433846161  0.440769994
mu[11]       0.440990299 0.0002256466 0.01031505  0.42152963  0.433846161  0.440769994
mu[12]       0.440990299 0.0002256466 0.01031505  0.42152963  0.433846161  0.440769994
mu[13]       0.440990299 0.0002256466 0.01031505  0.42152963  0.433846161  0.440769994
mu[14]       0.440990299 0.0002256466 0.01031505  0.42152963  0.433846161  0.440769994
mu[15]       0.440990299 0.0002256466 0.01031505  0.42152963  0.433846161  0.440769994
mu[16]       0.440990299 0.0002256466 0.01031505  0.42152963  0.433846161  0.440769994
mu[17]       0.440990299 0.0002256466 0.01031505  0.42152963  0.433846161  0.440769994
mu[18]       0.440990299 0.0002256466 0.01031505  0.42152963  0.433846161  0.440769994
mu[19]       0.440990299 0.0002256466 0.01031505  0.42152963  0.433846161  0.440769994
mu[20]       0.440990299 0.0002256466 0.01031505  0.42152963  0.433846161  0.440769994
mu[21]       0.440990299 0.0002256466 0.01031505  0.42152963  0.433846161  0.440769994
mu[22]       0.440990299 0.0002256466 0.01031505  0.42152963  0.433846161  0.440769994
mu[23]       0.440990299 0.0002256466 0.01031505  0.42152963  0.433846161  0.440769994
mu[24]       0.440990299 0.0002256466 0.01031505  0.42152963  0.433846161  0.440769994
mu[25]       0.440990299 0.0002256466 0.01031505  0.42152963  0.433846161  0.440769994
phi[1]       2.609518068 0.0028255496 0.12672022  2.36130264  2.523152120  2.610432029
phi[2]       2.609518068 0.0028255496 0.12672022  2.36130264  2.523152120  2.610432029
phi[3]       2.609518068 0.0028255496 0.12672022  2.36130264  2.523152120  2.610432029
phi[4]       2.609518068 0.0028255496 0.12672022  2.36130264  2.523152120  2.610432029
phi[5]       2.609518068 0.0028255496 0.12672022  2.36130264  2.523152120  2.610432029
phi[6]       2.609518068 0.0028255496 0.12672022  2.36130264  2.523152120  2.610432029
phi[7]       2.609518068 0.0028255496 0.12672022  2.36130264  2.523152120  2.610432029
phi[8]       2.609518068 0.0028255496 0.12672022  2.36130264  2.523152120  2.610432029
phi[9]       2.609518068 0.0028255496 0.12672022  2.36130264  2.523152120  2.610432029
phi[10]      2.609518068 0.0028255496 0.12672022  2.36130264  2.523152120  2.610432029
phi[11]      2.609518068 0.0028255496 0.12672022  2.36130264  2.523152120  2.610432029
phi[12]      2.609518068 0.0028255496 0.12672022  2.36130264  2.523152120  2.610432029
phi[13]      2.609518068 0.0028255496 0.12672022  2.36130264  2.523152120  2.610432029
phi[14]      2.609518068 0.0028255496 0.12672022  2.36130264  2.523152120  2.610432029
phi[15]      2.609518068 0.0028255496 0.12672022  2.36130264  2.523152120  2.610432029
phi[16]      2.609518068 0.0028255496 0.12672022  2.36130264  2.523152120  2.610432029
phi[17]      2.609518068 0.0028255496 0.12672022  2.36130264  2.523152120  2.610432029
phi[18]      2.609518068 0.0028255496 0.12672022  2.36130264  2.523152120  2.610432029
phi[19]      2.609518068 0.0028255496 0.12672022  2.36130264  2.523152120  2.610432029
phi[20]      2.609518068 0.0028255496 0.12672022  2.36130264  2.523152120  2.610432029
phi[21]      2.609518068 0.0028255496 0.12672022  2.36130264  2.523152120  2.610432029
phi[22]      2.609518068 0.0028255496 0.12672022  2.36130264  2.523152120  2.610432029
phi[23]      2.609518068 0.0028255496 0.12672022  2.36130264  2.523152120  2.610432029
phi[24]      2.609518068 0.0028255496 0.12672022  2.36130264  2.523152120  2.610432029
phi[25]      2.609518068 0.0028255496 0.12672022  2.36130264  2.523152120  2.610432029
A[1]         1.150629265 0.0012548294 0.05940592  1.03505039  1.111381520  1.148725866
A[2]         1.150629265 0.0012548294 0.05940592  1.03505039  1.111381520  1.148725866
A[3]         1.150629265 0.0012548294 0.05940592  1.03505039  1.111381520  1.148725866
A[4]         1.150629265 0.0012548294 0.05940592  1.03505039  1.111381520  1.148725866
A[5]         1.150629265 0.0012548294 0.05940592  1.03505039  1.111381520  1.148725866
A[6]         1.150629265 0.0012548294 0.05940592  1.03505039  1.111381520  1.148725866
A[7]         1.150629265 0.0012548294 0.05940592  1.03505039  1.111381520  1.148725866
A[8]         1.150629265 0.0012548294 0.05940592  1.03505039  1.111381520  1.148725866
A[9]         1.150629265 0.0012548294 0.05940592  1.03505039  1.111381520  1.148725866
A[10]        1.150629265 0.0012548294 0.05940592  1.03505039  1.111381520  1.148725866
A[11]        1.150629265 0.0012548294 0.05940592  1.03505039  1.111381520  1.148725866
A[12]        1.150629265 0.0012548294 0.05940592  1.03505039  1.111381520  1.148725866
A[13]        1.150629265 0.0012548294 0.05940592  1.03505039  1.111381520  1.148725866
A[14]        1.150629265 0.0012548294 0.05940592  1.03505039  1.111381520  1.148725866
A[15]        1.150629265 0.0012548294 0.05940592  1.03505039  1.111381520  1.148725866
A[16]        1.150629265 0.0012548294 0.05940592  1.03505039  1.111381520  1.148725866
A[17]        1.150629265 0.0012548294 0.05940592  1.03505039  1.111381520  1.148725866
A[18]        1.150629265 0.0012548294 0.05940592  1.03505039  1.111381520  1.148725866
A[19]        1.150629265 0.0012548294 0.05940592  1.03505039  1.111381520  1.148725866
A[20]        1.150629265 0.0012548294 0.05940592  1.03505039  1.111381520  1.148725866
A[21]        1.150629265 0.0012548294 0.05940592  1.03505039  1.111381520  1.148725866
A[22]        1.150629265 0.0012548294 0.05940592  1.03505039  1.111381520  1.148725866
A[23]        1.150629265 0.0012548294 0.05940592  1.03505039  1.111381520  1.148725866
A[24]        1.150629265 0.0012548294 0.05940592  1.03505039  1.111381520  1.148725866
A[25]        1.150629265 0.0012548294 0.05940592  1.03505039  1.111381520  1.148725866
B[1]         1.458888804 0.0018022623 0.07843296  1.30394238  1.404686023  1.458851388
B[2]         1.458888804 0.0018022623 0.07843296  1.30394238  1.404686023  1.458851388
B[3]         1.458888804 0.0018022623 0.07843296  1.30394238  1.404686023  1.458851388
B[4]         1.458888804 0.0018022623 0.07843296  1.30394238  1.404686023  1.458851388
B[5]         1.458888804 0.0018022623 0.07843296  1.30394238  1.404686023  1.458851388
B[6]         1.458888804 0.0018022623 0.07843296  1.30394238  1.404686023  1.458851388
B[7]         1.458888804 0.0018022623 0.07843296  1.30394238  1.404686023  1.458851388
B[8]         1.458888804 0.0018022623 0.07843296  1.30394238  1.404686023  1.458851388
B[9]         1.458888804 0.0018022623 0.07843296  1.30394238  1.404686023  1.458851388
B[10]        1.458888804 0.0018022623 0.07843296  1.30394238  1.404686023  1.458851388
B[11]        1.458888804 0.0018022623 0.07843296  1.30394238  1.404686023  1.458851388
B[12]        1.458888804 0.0018022623 0.07843296  1.30394238  1.404686023  1.458851388
B[13]        1.458888804 0.0018022623 0.07843296  1.30394238  1.404686023  1.458851388
B[14]        1.458888804 0.0018022623 0.07843296  1.30394238  1.404686023  1.458851388
B[15]        1.458888804 0.0018022623 0.07843296  1.30394238  1.404686023  1.458851388
B[16]        1.458888804 0.0018022623 0.07843296  1.30394238  1.404686023  1.458851388
B[17]        1.458888804 0.0018022623 0.07843296  1.30394238  1.404686023  1.458851388
B[18]        1.458888804 0.0018022623 0.07843296  1.30394238  1.404686023  1.458851388
B[19]        1.458888804 0.0018022623 0.07843296  1.30394238  1.404686023  1.458851388
B[20]        1.458888804 0.0018022623 0.07843296  1.30394238  1.404686023  1.458851388
B[21]        1.458888804 0.0018022623 0.07843296  1.30394238  1.404686023  1.458851388
B[22]        1.458888804 0.0018022623 0.07843296  1.30394238  1.404686023  1.458851388
B[23]        1.458888804 0.0018022623 0.07843296  1.30394238  1.404686023  1.458851388
                     75%       97.5%    n_eff      Rhat
alpha       -0.207933935 -0.15692949 2089.367 1.0000614
delta        0.990603182  1.05266771 2017.738 0.9999302
mu[1]        0.448203009  0.46084794 2089.706 1.0000697
mu[2]        0.448203009  0.46084794 2089.706 1.0000697
mu[3]        0.448203009  0.46084794 2089.706 1.0000697
mu[4]        0.448203009  0.46084794 2089.706 1.0000697
mu[5]        0.448203009  0.46084794 2089.706 1.0000697
mu[6]        0.448203009  0.46084794 2089.706 1.0000697
mu[7]        0.448203009  0.46084794 2089.706 1.0000697
mu[8]        0.448203009  0.46084794 2089.706 1.0000697
mu[9]        0.448203009  0.46084794 2089.706 1.0000697
mu[10]       0.448203009  0.46084794 2089.706 1.0000697
mu[11]       0.448203009  0.46084794 2089.706 1.0000697
mu[12]       0.448203009  0.46084794 2089.706 1.0000697
mu[13]       0.448203009  0.46084794 2089.706 1.0000697
mu[14]       0.448203009  0.46084794 2089.706 1.0000697
mu[15]       0.448203009  0.46084794 2089.706 1.0000697
mu[16]       0.448203009  0.46084794 2089.706 1.0000697
mu[17]       0.448203009  0.46084794 2089.706 1.0000697
mu[18]       0.448203009  0.46084794 2089.706 1.0000697
mu[19]       0.448203009  0.46084794 2089.706 1.0000697
mu[20]       0.448203009  0.46084794 2089.706 1.0000697
mu[21]       0.448203009  0.46084794 2089.706 1.0000697
mu[22]       0.448203009  0.46084794 2089.706 1.0000697
mu[23]       0.448203009  0.46084794 2089.706 1.0000697
mu[24]       0.448203009  0.46084794 2089.706 1.0000697
mu[25]       0.448203009  0.46084794 2089.706 1.0000697
phi[1]       2.692858265  2.86528483 2011.342 0.9999232
phi[2]       2.692858265  2.86528483 2011.342 0.9999232
phi[3]       2.692858265  2.86528483 2011.342 0.9999232
phi[4]       2.692858265  2.86528483 2011.342 0.9999232
phi[5]       2.692858265  2.86528483 2011.342 0.9999232
phi[6]       2.692858265  2.86528483 2011.342 0.9999232
phi[7]       2.692858265  2.86528483 2011.342 0.9999232
phi[8]       2.692858265  2.86528483 2011.342 0.9999232
phi[9]       2.692858265  2.86528483 2011.342 0.9999232
phi[10]      2.692858265  2.86528483 2011.342 0.9999232
phi[11]      2.692858265  2.86528483 2011.342 0.9999232
phi[12]      2.692858265  2.86528483 2011.342 0.9999232
phi[13]      2.692858265  2.86528483 2011.342 0.9999232
phi[14]      2.692858265  2.86528483 2011.342 0.9999232
phi[15]      2.692858265  2.86528483 2011.342 0.9999232
phi[16]      2.692858265  2.86528483 2011.342 0.9999232
phi[17]      2.692858265  2.86528483 2011.342 0.9999232
phi[18]      2.692858265  2.86528483 2011.342 0.9999232
phi[19]      2.692858265  2.86528483 2011.342 0.9999232
phi[20]      2.692858265  2.86528483 2011.342 0.9999232
phi[21]      2.692858265  2.86528483 2011.342 0.9999232
phi[22]      2.692858265  2.86528483 2011.342 0.9999232
phi[23]      2.692858265  2.86528483 2011.342 0.9999232
phi[24]      2.692858265  2.86528483 2011.342 0.9999232
phi[25]      2.692858265  2.86528483 2011.342 0.9999232
A[1]         1.188433639  1.27020656 2241.249 1.0003369
A[2]         1.188433639  1.27020656 2241.249 1.0003369
A[3]         1.188433639  1.27020656 2241.249 1.0003369
A[4]         1.188433639  1.27020656 2241.249 1.0003369
A[5]         1.188433639  1.27020656 2241.249 1.0003369
A[6]         1.188433639  1.27020656 2241.249 1.0003369
A[7]         1.188433639  1.27020656 2241.249 1.0003369
A[8]         1.188433639  1.27020656 2241.249 1.0003369
A[9]         1.188433639  1.27020656 2241.249 1.0003369
A[10]        1.188433639  1.27020656 2241.249 1.0003369
A[11]        1.188433639  1.27020656 2241.249 1.0003369
A[12]        1.188433639  1.27020656 2241.249 1.0003369
A[13]        1.188433639  1.27020656 2241.249 1.0003369
A[14]        1.188433639  1.27020656 2241.249 1.0003369
A[15]        1.188433639  1.27020656 2241.249 1.0003369
A[16]        1.188433639  1.27020656 2241.249 1.0003369
A[17]        1.188433639  1.27020656 2241.249 1.0003369
A[18]        1.188433639  1.27020656 2241.249 1.0003369
A[19]        1.188433639  1.27020656 2241.249 1.0003369
A[20]        1.188433639  1.27020656 2241.249 1.0003369
A[21]        1.188433639  1.27020656 2241.249 1.0003369
A[22]        1.188433639  1.27020656 2241.249 1.0003369
A[23]        1.188433639  1.27020656 2241.249 1.0003369
A[24]        1.188433639  1.27020656 2241.249 1.0003369
A[25]        1.188433639  1.27020656 2241.249 1.0003369
B[1]         1.511251158  1.61874397 1893.918 0.9996720
B[2]         1.511251158  1.61874397 1893.918 0.9996720
B[3]         1.511251158  1.61874397 1893.918 0.9996720
B[4]         1.511251158  1.61874397 1893.918 0.9996720
B[5]         1.511251158  1.61874397 1893.918 0.9996720
B[6]         1.511251158  1.61874397 1893.918 0.9996720
B[7]         1.511251158  1.61874397 1893.918 0.9996720
B[8]         1.511251158  1.61874397 1893.918 0.9996720
B[9]         1.511251158  1.61874397 1893.918 0.9996720
B[10]        1.511251158  1.61874397 1893.918 0.9996720
B[11]        1.511251158  1.61874397 1893.918 0.9996720
B[12]        1.511251158  1.61874397 1893.918 0.9996720
B[13]        1.511251158  1.61874397 1893.918 0.9996720
B[14]        1.511251158  1.61874397 1893.918 0.9996720
B[15]        1.511251158  1.61874397 1893.918 0.9996720
B[16]        1.511251158  1.61874397 1893.918 0.9996720
B[17]        1.511251158  1.61874397 1893.918 0.9996720
B[18]        1.511251158  1.61874397 1893.918 0.9996720
B[19]        1.511251158  1.61874397 1893.918 0.9996720
B[20]        1.511251158  1.61874397 1893.918 0.9996720
B[21]        1.511251158  1.61874397 1893.918 0.9996720
B[22]        1.511251158  1.61874397 1893.918 0.9996720
B[23]        1.511251158  1.61874397 1893.918 0.9996720
 [ reached getOption("max.print") -- omitted 31 rows ]

WAIC and LOOIC Results:
WAIC: -1.857154 
LOOIC: -1.856813 
EAIC: 2.050799 
EBIC: 4.48855 
