Summary Results:
                    mean      se_mean         sd         2.5%           25%          50%
alpha         0.26213645 0.0012583051 0.05017637   0.16036977  2.287066e-01   0.26273317
delta        -2.06459760 0.0346380717 1.15600578  -4.34152311 -2.835122e+00  -2.08334893
epsilon[1]    5.42379987 0.0565920808 1.82658213   1.74232926  4.192182e+00   5.42876931
epsilon[2]    5.84539089 0.0247848066 0.86398599   4.13000927  5.268933e+00   5.84249577
epsilon[3]  -10.05571311 0.0446701863 1.42230312 -12.83372450 -1.102452e+01 -10.04044038
epsilon[4]   -1.33866557 0.0343788150 1.10339270  -3.43391898 -2.070185e+00  -1.33903848
mu[1]         0.56512120 0.0003088295 0.01232412   0.54000674  5.569287e-01   0.56530805
mu[2]         0.56512120 0.0003088295 0.01232412   0.54000674  5.569287e-01   0.56530805
mu[3]         0.56512120 0.0003088295 0.01232412   0.54000674  5.569287e-01   0.56530805
mu[4]         0.56512120 0.0003088295 0.01232412   0.54000674  5.569287e-01   0.56530805
mu[5]         0.56512120 0.0003088295 0.01232412   0.54000674  5.569287e-01   0.56530805
mu[6]         0.56512120 0.0003088295 0.01232412   0.54000674  5.569287e-01   0.56530805
mu[7]         0.56512120 0.0003088295 0.01232412   0.54000674  5.569287e-01   0.56530805
mu[8]         0.56512120 0.0003088295 0.01232412   0.54000674  5.569287e-01   0.56530805
mu[9]         0.56512120 0.0003088295 0.01232412   0.54000674  5.569287e-01   0.56530805
mu[10]        0.56512120 0.0003088295 0.01232412   0.54000674  5.569287e-01   0.56530805
mu[11]        0.56512120 0.0003088295 0.01232412   0.54000674  5.569287e-01   0.56530805
mu[12]        0.56512120 0.0003088295 0.01232412   0.54000674  5.569287e-01   0.56530805
mu[13]        0.56512120 0.0003088295 0.01232412   0.54000674  5.569287e-01   0.56530805
mu[14]        0.56512120 0.0003088295 0.01232412   0.54000674  5.569287e-01   0.56530805
mu[15]        0.56512120 0.0003088295 0.01232412   0.54000674  5.569287e-01   0.56530805
mu[16]        0.56512120 0.0003088295 0.01232412   0.54000674  5.569287e-01   0.56530805
mu[17]        0.56512120 0.0003088295 0.01232412   0.54000674  5.569287e-01   0.56530805
mu[18]        0.56512120 0.0003088295 0.01232412   0.54000674  5.569287e-01   0.56530805
mu[19]        0.56512120 0.0003088295 0.01232412   0.54000674  5.569287e-01   0.56530805
mu[20]        0.56512120 0.0003088295 0.01232412   0.54000674  5.569287e-01   0.56530805
mu[21]        0.56512120 0.0003088295 0.01232412   0.54000674  5.569287e-01   0.56530805
mu[22]        0.56512120 0.0003088295 0.01232412   0.54000674  5.569287e-01   0.56530805
mu[23]        0.56512120 0.0003088295 0.01232412   0.54000674  5.569287e-01   0.56530805
mu[24]        0.56512120 0.0003088295 0.01232412   0.54000674  5.569287e-01   0.56530805
mu[25]        0.56512120 0.0003088295 0.01232412   0.54000674  5.569287e-01   0.56530805
phi[1]        2.73558244 0.0068899156 0.30843468   2.16321546  2.522181e+00   2.71995415
phi[2]        3.74168982 0.0055481999 0.23606588   3.30326222  3.577038e+00   3.73353687
phi[3]        7.40785998 0.0411991076 1.31574839   5.15585802  6.501597e+00   7.26674924
phi[4]        1.99265195 0.0036567536 0.16655957   1.68213935  1.881375e+00   1.98411504
phi[5]        7.82970616 0.0158148553 0.73195472   6.49734520  7.327304e+00   7.79567621
phi[6]        6.15941702 0.0243422596 0.86440443   4.64485066  5.576349e+00   6.10231291
phi[7]        1.85627080 0.0039044914 0.16456775   1.55261783  1.743208e+00   1.84982724
phi[8]        4.10846546 0.0147413002 0.51113629   3.18730676  3.766078e+00   4.07672996
phi[9]       13.46716383 0.0454641970 1.85630824  10.23756993  1.218085e+01  13.34337988
phi[10]       4.76360743 0.0093626758 0.38295428   4.02865523  4.510491e+00   4.75811588
phi[11]       1.78652648 0.0059779813 0.21620468   1.38485080  1.639851e+00   1.78312339
phi[12]       2.66148712 0.0073876963 0.26533424   2.17695966  2.477014e+00   2.65165188
phi[13]       2.97020762 0.0099700992 0.33939017   2.34455506  2.732777e+00   2.94086196
phi[14]       4.89897549 0.0144673945 0.54239316   3.90283010  4.522805e+00   4.87488261
phi[15]       1.18754622 0.0038141036 0.16056174   0.90561565  1.072092e+00   1.17735587
phi[16]       0.80797965 0.0043787664 0.15451368   0.54717638  6.999928e-01   0.79681252
phi[17]       1.69625252 0.0077037808 0.25944486   1.25634969  1.508829e+00   1.67799216
phi[18]       1.63969523 0.0045675392 0.17926632   1.32154981  1.512605e+00   1.62686955
phi[19]       3.78771021 0.0121806894 0.44076505   2.99700895  3.485246e+00   3.76400851
phi[20]       4.76883059 0.0162860544 0.56417136   3.74737029  4.389703e+00   4.71238843
phi[21]       8.86005665 0.0309393106 1.22042504   6.70610519  8.000768e+00   8.79381234
phi[22]       2.42155972 0.0084756081 0.29963883   1.90223479  2.210351e+00   2.40133924
phi[23]       1.75515942 0.0047284846 0.17725831   1.43053984  1.630497e+00   1.75004466
phi[24]       1.98398483 0.0052694021 0.18722515   1.64562704  1.854082e+00   1.97355615
phi[25]       0.88903812 0.0023810726 0.10390557   0.69350308  8.182692e-01   0.88390359
A[1]          1.54766001 0.0043490508 0.19227455   1.18606055  1.410564e+00   1.54076760
A[2]          2.11556585 0.0038674996 0.15634852   1.81469240  2.008160e+00   2.10733001
A[3]          4.18914059 0.0237275505 0.76650415   2.87213763  3.649660e+00   4.12048686
A[4]          1.12528657 0.0018813020 0.08734405   0.96339217  1.065927e+00   1.12231403
A[5]          4.42869916 0.0099804205 0.46476404   3.58531164  4.103794e+00   4.41441259
A[6]          3.48700028 0.0151760091 0.53834892   2.55890372  3.127289e+00   3.44534603
A[7]          1.04847015 0.0021631822 0.08951919   0.88362471  9.860278e-01   1.04421793
A[8]          2.32107362 0.0080860977 0.28769098   1.80797956  2.122509e+00   2.30131913
A[9]          7.62371117 0.0292325720 1.15662975   5.60793062  6.801978e+00   7.54159807
A[10]         2.69457221 0.0062853073 0.25338245   2.20962817  2.522306e+00   2.68962230
A[11]         1.00869173 0.0032259714 0.11640226   0.78837509  9.290009e-01   1.00755959
A[12]         1.50350660 0.0039515494 0.14788046   1.23136264  1.400780e+00   1.49650609
A[13]         1.67969847 0.0060647235 0.20564199   1.31327510  1.537653e+00   1.66135898
A[14]         2.76934771 0.0084912014 0.32031046   2.18412584  2.551490e+00   2.75464534
A[15]         0.67059916 0.0021597655 0.08786599   0.51546278  6.070034e-01   0.66488623
A[16]         0.45682925 0.0025389709 0.08925795   0.30657106  3.933516e-01   0.44972063
A[17]         0.95879063 0.0044915562 0.14939194   0.70693330  8.548873e-01   0.94556167
A[18]         0.92609931 0.0025929042 0.09824556   0.75069831  8.569186e-01   0.92254344
A[19]         2.14007687 0.0066421457 0.24961168   1.68515513  1.967965e+00   2.12730831
A[20]         2.69726799 0.0098777901 0.34389521   2.08985887  2.462391e+00   2.66754860
A[21]         5.00762023 0.0173490408 0.70307326   3.75069293  4.520298e+00   4.96394755
A[22]         1.36968372 0.0051499876 0.18160104   1.05452355  1.242144e+00   1.35717680
A[23]         0.99098176 0.0024294957 0.09329179   0.81968577  9.276245e-01   0.98851971
A[24]         1.12064289 0.0028368098 0.10274763   0.93480049  1.050377e+00   1.11525701
A[25]         0.50242329 0.0013661683 0.05985402   0.38914662  4.609792e-01   0.49963504
B[1]          1.18792243 0.0027023931 0.12224588   0.95934260  1.102356e+00   1.18395711
B[2]          1.62612397 0.0021663417 0.09596884   1.44570116  1.557837e+00   1.62392777
B[3]          3.21871939 0.0177168140 0.56190985   2.24208900  2.828379e+00   3.16169737
B[4]          0.86736538 0.0019227388 0.08531377   0.70906734  8.098231e-01   0.86281126
B[5]          3.40100700 0.0063332510 0.28869901   2.86474726  3.194177e+00   3.38604776
B[6]          2.67241674 0.0093518054 0.33556946   2.06544849  2.445048e+00   2.65906795
B[7]          0.80780065 0.0018931118 0.08095693   0.65558270  7.530485e-01   0.80245502
B[8]          1.78739184 0.0068141689 0.23339170   1.36847017  1.627104e+00   1.77185516
B[9]          5.84345266 0.0171320412 0.72099269   4.54321371  5.355329e+00   5.79492777
B[10]         2.06903522 0.0034731639 0.14323188   1.78748047  1.970620e+00   2.06834570
B[11]         0.77783475 0.0028541692 0.10379514   0.58691004  7.040108e-01   0.77542615
B[12]         1.15798053 0.0035599019 0.12524472   0.92796011  1.068583e+00   1.15521910
B[13]         1.29050915 0.0040525137 0.14137893   1.03150950  1.192398e+00   1.28268432
B[14]         2.12962778 0.0062775914 0.23566373   1.69049798  1.967424e+00   2.12053685
B[15]         0.51694706 0.0017313894 0.07524935   0.38848213  4.617882e-01   0.50993894
B[16]         0.35115040 0.0018757575 0.06658667   0.23644511  3.055763e-01   0.34601838
B[17]         0.73746189 0.0032824202 0.11355011   0.54398810  6.557259e-01   0.72683705
B[18]         0.71359592 0.0020926234 0.08535473   0.56422938  6.517434e-01   0.70805155
B[19]         1.64763334 0.0057252966 0.20095785   1.29271965  1.510029e+00   1.63893504
                    75%       97.5%    n_eff      Rhat
alpha        0.29496784  0.36209729 1590.108 1.0003015
delta       -1.27207650  0.18729928 1113.814 1.0004886
epsilon[1]   6.63494764  8.90278184 1041.759 1.0004188
epsilon[2]   6.42357474  7.52544383 1215.185 1.0002479
epsilon[3]  -9.07848521 -7.46013073 1013.792 1.0002101
epsilon[4]  -0.60449095  0.85337333 1030.098 1.0004297
mu[1]        0.57321190  0.58954803 1592.482 1.0002930
mu[2]        0.57321190  0.58954803 1592.482 1.0002930
mu[3]        0.57321190  0.58954803 1592.482 1.0002930
mu[4]        0.57321190  0.58954803 1592.482 1.0002930
mu[5]        0.57321190  0.58954803 1592.482 1.0002930
mu[6]        0.57321190  0.58954803 1592.482 1.0002930
mu[7]        0.57321190  0.58954803 1592.482 1.0002930
mu[8]        0.57321190  0.58954803 1592.482 1.0002930
mu[9]        0.57321190  0.58954803 1592.482 1.0002930
mu[10]       0.57321190  0.58954803 1592.482 1.0002930
mu[11]       0.57321190  0.58954803 1592.482 1.0002930
mu[12]       0.57321190  0.58954803 1592.482 1.0002930
mu[13]       0.57321190  0.58954803 1592.482 1.0002930
mu[14]       0.57321190  0.58954803 1592.482 1.0002930
mu[15]       0.57321190  0.58954803 1592.482 1.0002930
mu[16]       0.57321190  0.58954803 1592.482 1.0002930
mu[17]       0.57321190  0.58954803 1592.482 1.0002930
mu[18]       0.57321190  0.58954803 1592.482 1.0002930
mu[19]       0.57321190  0.58954803 1592.482 1.0002930
mu[20]       0.57321190  0.58954803 1592.482 1.0002930
mu[21]       0.57321190  0.58954803 1592.482 1.0002930
mu[22]       0.57321190  0.58954803 1592.482 1.0002930
mu[23]       0.57321190  0.58954803 1592.482 1.0002930
mu[24]       0.57321190  0.58954803 1592.482 1.0002930
mu[25]       0.57321190  0.58954803 1592.482 1.0002930
phi[1]       2.93600964  3.38008435 2004.004 0.9996296
phi[2]       3.90130974  4.21231927 1810.349 0.9996513
phi[3]       8.21739963 10.32481573 1019.929 1.0006640
phi[4]       2.09506134  2.34155654 2074.664 0.9996519
phi[5]       8.32331509  9.30624616 2142.091 0.9996216
phi[6]       6.67057684  8.10127094 1260.992 0.9996372
phi[7]       1.96341828  2.19938937 1776.481 0.9998722
phi[8]       4.40631226  5.22446815 1202.270 1.0000448
phi[9]      14.65669924 17.39148331 1667.098 0.9996080
phi[10]      5.00780646  5.55126651 1672.992 0.9997623
phi[11]      1.92808498  2.22380975 1308.040 1.0001551
phi[12]      2.83834851  3.20957747 1289.937 0.9996022
phi[13]      3.17979952  3.68717687 1158.776 0.9998064
phi[14]      5.25063869  6.04217464 1405.555 1.0005156
phi[15]      1.29619355  1.52788856 1772.145 1.0000146
phi[16]      0.90202332  1.15323431 1245.175 1.0003920
phi[17]      1.85541202  2.25711849 1134.181 1.0002939
phi[18]      1.76111937  2.01633184 1540.398 1.0003334
phi[19]      4.06896747  4.72585212 1309.395 0.9996316
phi[20]      5.12749835  5.96607381 1200.025 1.0001144
phi[21]      9.61685030 11.45237688 1555.969 0.9996023
phi[22]      2.60810553  3.06651348 1249.840 1.0000991
phi[23]      1.86888347  2.11924782 1405.301 0.9996000
phi[24]      2.09836219  2.39190466 1262.425 1.0001836
phi[25]      0.95651470  1.09873167 1904.287 0.9996579
A[1]         1.67221577  1.94255706 1954.585 0.9996894
A[2]         2.22042666  2.43636974 1634.282 0.9996074
A[3]         4.65162043  5.89116456 1043.574 1.0008380
A[4]         1.17915639  1.30547398 2155.508 0.9996003
A[5]         4.73339995  5.35685777 2168.540 0.9997124
A[6]         3.80440768  4.70589704 1258.382 0.9997136
A[7]         1.10648647  1.23100690 1712.561 0.9997061
A[8]         2.49402086  2.94424378 1265.828 1.0002403
A[9]         8.32846101 10.11264845 1565.506 0.9996074
A[10]        2.85336203  3.22572514 1625.175 0.9999243
A[11]        1.08447374  1.24422714 1301.973 1.0000347
A[12]        1.60298708  1.81400498 1400.512 0.9996387
A[13]        1.80721870  2.12695820 1149.745 0.9996573
A[14]        2.97831280  3.43917199 1422.997 1.0001401
A[15]        0.72859691  0.85653353 1655.116 1.0002634
A[16]        0.51232282  0.65442692 1235.886 1.0002259
A[17]        1.05097814  1.28968316 1106.269 1.0005159
A[18]        0.99305184  1.13123927 1435.664 1.0007304
A[19]        2.29620970  2.68510590 1412.255 0.9996021
A[20]        2.91484332  3.42152496 1212.084 0.9998345
A[21]        5.45255967  6.54620750 1642.291 0.9996332
A[22]        1.48164358  1.76580228 1243.438 1.0002593
A[23]        1.04973428  1.18116392 1474.533 0.9996241
A[24]        1.18448544  1.33621013 1311.847 1.0005059
A[25]        0.54047377  0.62488840 1919.457 0.9996162
B[1]         1.26836297  1.43304073 2046.310 0.9996012
B[2]         1.69292100  1.81598478 1962.486 1.0000876
B[3]         3.58562855  4.45848767 1005.917 1.0004055
B[4]         0.91891053  1.04981828 1968.782 0.9997812
B[5]         3.60781158  3.98563543 2077.960 0.9996278
B[6]         2.87852154  3.39873748 1287.579 0.9996018
B[7]         0.86036726  0.97996845 1828.755 1.0000904
B[8]         1.92817644  2.29336218 1173.127 0.9998250
B[9]         6.30480462  7.35219031 1771.102 0.9997363
B[10]        2.16322735  2.35354919 1700.704 0.9996048
B[11]        0.84442030  0.98653202 1322.497 1.0002601
B[12]        1.24032403  1.41052144 1237.778 0.9996173
B[13]        1.38076844  1.57835803 1217.084 1.0001512
B[14]        2.28650884  2.60985206 1409.287 1.0010483
B[15]        0.56609045  0.67814393 1888.930 0.9997788
B[16]        0.39180549  0.49808800 1260.147 1.0006092
B[17]        0.80896343  0.97879530 1196.704 1.0000150
B[18]        0.76762151  0.89367243 1663.693 0.9999305
B[19]        1.77286595  2.07294794 1232.009 0.9997102
 [ reached getOption("max.print") -- omitted 35 rows ]

WAIC and LOOIC Results:
WAIC: -7.231477 
LOOIC: -7.230799 
EAIC: 4.505888 
EBIC: 11.81914 
