Summary Results:
                     mean      se_mean           sd          2.5%           25%           50%
alpha        2.898607e+00 4.878305e-03 1.611708e-01  2.583654e+00  2.787363e+00  2.901728e+00
delta        2.210959e+01 4.294487e-02 1.466826e+00  1.920724e+01  2.111528e+01  2.215793e+01
beta[1]     -4.359287e+00 5.521383e-03 1.781048e-01 -4.687649e+00 -4.481694e+00 -4.366764e+00
beta[2]      4.664655e+00 4.867020e-03 1.597871e-01  4.368738e+00  4.553115e+00  4.665812e+00
beta[3]     -5.396600e+00 9.652349e-03 3.263080e-01 -6.042145e+00 -5.625631e+00 -5.390446e+00
beta[4]     -9.877523e-01 1.133732e-02 3.949500e-01 -1.747378e+00 -1.249607e+00 -1.002844e+00
epsilon[1]  -9.590256e+00 5.134081e-02 1.735413e+00 -1.297319e+01 -1.066816e+01 -9.674376e+00
epsilon[2]  -3.689415e+01 6.185968e-02 1.926305e+00 -4.073501e+01 -3.821229e+01 -3.693868e+01
epsilon[3]   3.718906e+01 8.694547e-02 2.607921e+00  3.189395e+01  3.544794e+01  3.726821e+01
epsilon[4]  -1.536612e+01 4.774288e-02 1.532872e+00 -1.830560e+01 -1.640725e+01 -1.536632e+01
mu[1]        4.642089e-01 5.125777e-05 2.490854e-03  4.595483e-01  4.625083e-01  4.641719e-01
mu[2]        3.884059e-01 2.213309e-04 7.285619e-03  3.745485e-01  3.834883e-01  3.883146e-01
mu[3]        6.412369e-01 1.968115e-04 6.572755e-03  6.285164e-01  6.368288e-01  6.409962e-01
mu[4]        2.760812e-01 2.582800e-04 9.190432e-03  2.592420e-01  2.697810e-01  2.759283e-01
mu[5]        5.435230e-01 2.824597e-04 9.015369e-03  5.261900e-01  5.370958e-01  5.436643e-01
mu[6]        4.607565e-01 2.195751e-04 7.141775e-03  4.471605e-01  4.562000e-01  4.605908e-01
mu[7]        2.490928e-01 2.329713e-04 8.269532e-03  2.339136e-01  2.434428e-01  2.490907e-01
mu[8]        5.086401e-01 3.093518e-04 1.024056e-02  4.893689e-01  5.014793e-01  5.087375e-01
mu[9]        5.710687e-01 2.898504e-04 9.208008e-03  5.534840e-01  5.649077e-01  5.712160e-01
mu[10]       4.747749e-01 1.794248e-04 5.807326e-03  4.636461e-01  4.707785e-01  4.746198e-01
mu[11]       2.794586e-01 2.789121e-04 9.435796e-03  2.620945e-01  2.727200e-01  2.794096e-01
mu[12]       4.181903e-01 2.812500e-04 9.313736e-03  4.008056e-01  4.118367e-01  4.182750e-01
mu[13]       2.953714e-01 2.175481e-04 7.228261e-03  2.811621e-01  2.904179e-01  2.952722e-01
mu[14]       3.691881e-01 3.330676e-04 1.079025e-02  3.493300e-01  3.613901e-01  3.693209e-01
mu[15]       2.151336e-01 3.041227e-04 1.113163e-02  1.943678e-01  2.075870e-01  2.147224e-01
mu[16]       1.852937e-01 6.466109e-06 3.251272e-04  1.846488e-01  1.850854e-01  1.852916e-01
mu[17]       2.953640e-01 3.611689e-04 1.281622e-02  2.716742e-01  2.866109e-01  2.949222e-01
mu[18]       2.817469e-01 2.955658e-04 1.079254e-02  2.608761e-01  2.745492e-01  2.813976e-01
mu[19]       4.642943e-01 3.662744e-04 1.207951e-02  4.416253e-01  4.559398e-01  4.642580e-01
mu[20]       3.551256e-01 2.531660e-04 8.195266e-03  3.395516e-01  3.495129e-01  3.549885e-01
mu[21]       5.709550e-01 4.496066e-04 1.459119e-02  5.434854e-01  5.608843e-01  5.709784e-01
mu[22]       4.056709e-01 2.172197e-04 7.517442e-03  3.916917e-01  4.005527e-01  4.054915e-01
mu[23]       3.256852e-01 2.503317e-04 8.698150e-03  3.096535e-01  3.195587e-01  3.257198e-01
mu[24]       3.870997e-01 1.864726e-04 6.726575e-03  3.743878e-01  3.824405e-01  3.870850e-01
mu[25]       2.849526e-01 2.305167e-05 1.055457e-03  2.827399e-01  2.843065e-01  2.849897e-01
phi[1]       1.901660e+03 1.542213e+01 5.018331e+02  1.095452e+03  1.537421e+03  1.851380e+03
phi[2]       9.765779e+00 1.252758e-02 5.589167e-01  8.691126e+00  9.382374e+00  9.755239e+00
phi[3]       7.694430e-01 6.103102e-03 1.931284e-01  4.747881e-01  6.345392e-01  7.410145e-01
phi[4]       1.305329e+00 4.039012e-03 1.597478e-01  1.011741e+00  1.192327e+00  1.296031e+00
phi[5]       3.959086e+00 1.028683e-02 4.407124e-01  3.148135e+00  3.647913e+00  3.944037e+00
phi[6]       3.527516e+01 7.718540e-02 3.902155e+00  2.794725e+01  3.271977e+01  3.523005e+01
phi[7]       2.778038e+00 9.204020e-03 3.464308e-01  2.154207e+00  2.539463e+00  2.765959e+00
phi[8]       1.772550e+00 5.734543e-03 2.216102e-01  1.382482e+00  1.619697e+00  1.753665e+00
phi[9]       3.264117e+00 1.132063e-02 4.723182e-01  2.407135e+00  2.925034e+00  3.250372e+00
phi[10]      2.002669e+01 3.448640e-02 1.643564e+00  1.684604e+01  1.888085e+01  2.002461e+01
phi[11]      1.104891e+01 5.202445e-02 1.676064e+00  8.092963e+00  9.847197e+00  1.093780e+01
phi[12]      2.026131e+01 6.300227e-02 2.192587e+00  1.634220e+01  1.874442e+01  2.015426e+01
phi[13]      1.837873e+01 5.771993e-02 2.048984e+00  1.461116e+01  1.698375e+01  1.827993e+01
phi[14]      2.759821e+00 9.748608e-03 3.431859e-01  2.127128e+00  2.516591e+00  2.740985e+00
phi[15]      6.082074e-01 3.273257e-03 1.251840e-01  3.977778e-01  5.189062e-01  6.002733e-01
phi[16]      7.017709e+04 1.092304e+03 3.389301e+04  2.349612e+04  4.616097e+04  6.269213e+04
phi[17]      3.741808e+00 1.717405e-02 6.536418e-01  2.593662e+00  3.280804e+00  3.698867e+00
phi[18]      7.757526e-01 3.570158e-03 1.284323e-01  5.568172e-01  6.850255e-01  7.651464e-01
phi[19]      1.404449e+01 4.565799e-02 1.735718e+00  1.096688e+01  1.286591e+01  1.390283e+01
phi[20]      8.913737e+00 2.690992e-02 9.492503e-01  7.157082e+00  8.262475e+00  8.884310e+00
phi[21]      4.809180e-01 2.324448e-03 8.960237e-02  3.289829e-01  4.183442e-01  4.733606e-01
phi[22]      9.732075e+01 3.882476e-01 1.485985e+01  7.115888e+01  8.680561e+01  9.647009e+01
phi[23]      8.268750e+00 2.165273e-02 8.022903e-01  6.847046e+00  7.690477e+00  8.238906e+00
phi[24]      1.071802e+01 2.040860e-02 8.452635e-01  9.106872e+00  1.015591e+01  1.068812e+01
phi[25]      8.982296e+03 1.046071e+02 3.206521e+03  4.113315e+03  6.677203e+03  8.504442e+03
A[1]         8.825204e+02 7.119962e+00 2.320402e+02  5.094189e+02  7.131056e+02  8.585145e+02
A[2]         3.792379e+00 4.678530e-03 2.161562e-01  3.372701e+00  3.646912e+00  3.790580e+00
A[3]         4.938363e-01 4.032238e-03 1.260026e-01  3.025561e-01  4.051353e-01  4.756517e-01
A[4]         3.600006e-01 1.091041e-03 4.252355e-02  2.817828e-01  3.303446e-01  3.590028e-01
A[5]         2.152975e+00 6.213366e-03 2.522555e-01  1.688129e+00  1.977482e+00  2.140738e+00
A[6]         1.625557e+01 3.706932e-02 1.837407e+00  1.283944e+01  1.501149e+01  1.624575e+01
A[7]         6.910116e-01 2.071825e-03 8.111660e-02  5.424228e-01  6.352243e-01  6.884732e-01
A[8]         9.021430e-01 3.209204e-03 1.187101e-01  6.957786e-01  8.200181e-01  8.928023e-01
A[9]         1.865283e+00 6.968223e-03 2.803092e-01  1.361754e+00  1.661900e+00  1.857282e+00
A[10]        9.509232e+00 1.770802e-02 8.016391e-01  7.964187e+00  8.962526e+00  9.492697e+00
A[11]        3.085001e+00 1.418310e-02 4.620409e-01  2.269264e+00  2.760138e+00  3.050042e+00
A[12]        8.474587e+00 2.774822e-02 9.507749e-01  6.772966e+00  7.804820e+00  8.410679e+00
A[13]        5.423996e+00 1.537047e-02 5.780087e-01  4.350562e+00  5.034721e+00  5.400207e+00
A[14]        1.018461e+00 3.438279e-03 1.264713e-01  7.858782e-01  9.294788e-01  1.013206e+00
A[15]        1.307437e-01 7.476970e-04 2.727305e-02  8.472390e-02  1.115107e-01  1.279020e-01
A[16]        1.300269e+04 2.023347e+02 6.278524e+03  4.348830e+03  8.553494e+03  1.162179e+04
A[17]        1.105713e+00 5.571178e-03 2.021676e-01  7.617126e-01  9.588910e-01  1.092679e+00
A[18]        2.185057e-01 1.075278e-03 3.680205e-02  1.548770e-01  1.923775e-01  2.151894e-01
A[19]        6.523502e+00 2.300115e-02 8.467236e-01  5.026132e+00  5.926304e+00  6.452233e+00
A[20]        3.163720e+00 8.833295e-03 3.277253e-01  2.562387e+00  2.938872e+00  3.155435e+00
A[21]        2.748712e-01 1.425454e-03 5.328784e-02  1.863921e-01  2.376760e-01  2.696696e-01
A[22]        3.947959e+01 1.577708e-01 6.068287e+00  2.867203e+01  3.521766e+01  3.914159e+01
A[23]        2.692065e+00 6.957189e-03 2.614576e-01  2.227327e+00  2.504302e+00  2.680989e+00
A[24]        4.148843e+00 8.199041e-03 3.337770e-01  3.508458e+00  3.918834e+00  4.132846e+00
A[25]        2.560182e+03 2.989399e+01 9.155955e+02  1.168379e+03  1.903065e+03  2.427612e+03
B[1]         1.019140e+03 8.303058e+00 2.698718e+02  5.858475e+02  8.215048e+02  9.935478e+02
B[2]         5.973400e+00 8.688060e-03 3.611537e-01  5.275396e+00  5.730613e+00  5.967872e+00
B[3]         2.756068e-01 2.074618e-03 6.740423e-02  1.714796e-01  2.276216e-01  2.660468e-01
B[4]         9.453280e-01 3.015942e-03 1.194225e-01  7.293196e-01  8.604822e-01  9.380478e-01
B[5]         1.806111e+00 4.251408e-03 1.939040e-01  1.448132e+00  1.669152e+00  1.797567e+00
B[6]         1.901958e+01 4.148264e-02 2.096743e+00  1.510309e+01  1.762903e+01  1.897245e+01
B[7]         2.087026e+00 7.233260e-03 2.691182e-01  1.601573e+00  1.899671e+00  2.073939e+00
B[8]         8.704070e-01 2.615630e-03 1.057409e-01  6.837979e-01  7.963762e-01  8.622616e-01
B[9]         1.398833e+00 4.475622e-03 1.956957e-01  1.044979e+00  1.260277e+00  1.392774e+00
B[10]        1.051745e+01 1.785902e-02 8.580601e-01  8.863098e+00  9.920231e+00  1.052315e+01
B[11]        7.963907e+00 3.821868e-02 1.229837e+00  5.804820e+00  7.101141e+00  7.897526e+00
B[12]        1.178672e+01 3.642710e-02 1.274678e+00  9.489760e+00  1.090088e+01  1.173876e+01
B[13]        1.295474e+01 4.301688e-02 1.490119e+00  1.018509e+01  1.192698e+01  1.290498e+01
B[14]        1.741360e+00 6.475436e-03 2.222209e-01  1.339770e+00  1.587732e+00  1.728022e+00
B[15]        4.774637e-01 2.555883e-03 9.905582e-02  3.112569e-01  4.051777e-01  4.700568e-01
                      75%         97.5%     n_eff      Rhat
alpha        3.010575e+00  3.193388e+00 1091.5273 1.0008336
delta        2.308311e+01  2.497224e+01 1166.6337 1.0002857
beta[1]     -4.238474e+00 -4.009194e+00 1040.5326 1.0009968
beta[2]      4.771537e+00  4.982084e+00 1077.8478 1.0004739
beta[3]     -5.173501e+00 -4.779141e+00 1142.8501 0.9996545
beta[4]     -7.179044e-01 -2.332020e-01 1213.5651 0.9996344
epsilon[1]  -8.401114e+00 -6.206261e+00 1142.5633 1.0007599
epsilon[2]  -3.566319e+01 -3.302537e+01  969.6945 0.9999742
epsilon[3]   3.899321e+01  4.199146e+01  899.6941 1.0002459
epsilon[4]  -1.432154e+01 -1.239588e+01 1030.8481 1.0004616
mu[1]        4.657726e-01  4.693914e-01 2361.4413 0.9997417
mu[2]        3.931960e-01  4.031820e-01 1083.5501 1.0008327
mu[3]        6.456517e-01  6.544734e-01 1115.3059 1.0007526
mu[4]        2.821228e-01  2.946305e-01 1266.1649 1.0004025
mu[5]        5.494874e-01  5.615824e-01 1018.7183 1.0008607
mu[6]        4.654589e-01  4.752583e-01 1057.9033 1.0003789
mu[7]        2.545906e-01  2.656488e-01 1259.9611 1.0003712
mu[8]        5.156948e-01  5.288684e-01 1095.8274 1.0004499
mu[9]        5.773062e-01  5.894419e-01 1009.2147 1.0011122
mu[10]       4.786622e-01  4.864068e-01 1047.5812 1.0009615
mu[11]       2.857067e-01  2.990020e-01 1144.5174 1.0003766
mu[12]       4.244859e-01  4.370178e-01 1096.6367 1.0002899
mu[13]       3.001021e-01  3.094232e-01 1103.9689 1.0004510
mu[14]       3.763200e-01  3.907245e-01 1049.5379 1.0008078
mu[15]       2.223797e-01  2.377155e-01 1339.7392 0.9997693
mu[16]       1.855081e-01  1.859425e-01 2528.2540 0.9997113
mu[17]       3.040822e-01  3.213559e-01 1259.2133 0.9996649
mu[18]       2.887156e-01  3.033028e-01 1333.3354 0.9998885
mu[19]       4.724239e-01  4.892283e-01 1087.6415 1.0002267
mu[20]       3.606379e-01  3.716371e-01 1047.8894 1.0009775
mu[21]       5.807281e-01  6.002871e-01 1053.2122 1.0004452
mu[22]       4.108211e-01  4.209277e-01 1197.6829 0.9996637
mu[23]       3.313826e-01  3.435005e-01 1207.3193 1.0003364
mu[24]       3.916199e-01  4.004216e-01 1301.2420 1.0003477
mu[25]       2.856792e-01  2.869007e-01 2096.4105 0.9999404
phi[1]       2.198540e+03  3.032043e+03 1058.8386 0.9996124
phi[2]       1.013532e+01  1.091624e+01 1990.4885 1.0009530
phi[3]       8.766969e-01  1.222653e+00 1001.3620 1.0002472
phi[4]       1.407277e+00  1.641370e+00 1564.2974 1.0001153
phi[5]       4.239671e+00  4.856138e+00 1835.4703 0.9996025
phi[6]       3.771787e+01  4.348017e+01 2555.8695 0.9996002
phi[7]       2.990443e+00  3.504118e+00 1416.7000 1.0005928
phi[8]       1.910594e+00  2.245922e+00 1493.4199 0.9997096
phi[9]       3.563786e+00  4.269850e+00 1740.7184 0.9996438
phi[10]      2.109036e+01  2.337222e+01 2271.3168 0.9996055
phi[11]      1.216834e+01  1.457846e+01 1037.9255 1.0015601
phi[12]      2.172132e+01  2.489706e+01 1211.1596 1.0002025
phi[13]      1.967395e+01  2.253495e+01 1260.1596 1.0009692
phi[14]      2.982343e+00  3.482509e+00 1239.2922 1.0012273
phi[15]      6.845012e-01  8.820689e-01 1462.6398 0.9996146
phi[16]      8.720793e+04  1.583081e+05  962.7932 1.0006537
phi[17]      4.157266e+00  5.166385e+00 1448.5520 0.9998889
phi[18]      8.578792e-01  1.054918e+00 1294.1172 0.9996668
phi[19]      1.515355e+01  1.777381e+01 1445.1894 1.0002555
phi[20]      9.514188e+00  1.089928e+01 1244.3331 1.0015095
phi[21]      5.363912e-01  6.822934e-01 1485.9338 0.9996081
phi[22]      1.059581e+02  1.290900e+02 1464.9102 0.9998025
phi[23]      8.802864e+00  9.917915e+00 1372.8960 1.0007330
phi[24]      1.127525e+01  1.249793e+01 1715.3692 0.9996020
phi[25]      1.070352e+04  1.696256e+04  939.6070 0.9999987
A[1]         1.017990e+03  1.407194e+03 1062.1135 0.9996102
A[2]         3.936266e+00  4.221621e+00 2134.5990 1.0002261
A[3]         5.637666e-01  7.907548e-01  976.4878 1.0002974
A[4]         3.867917e-01  4.463331e-01 1519.0667 0.9998050
A[5]         2.312653e+00  2.678160e+00 1648.2668 0.9996143
A[6]         1.740714e+01  2.018046e+01 2456.8677 0.9996109
A[7]         7.413041e-01  8.578240e-01 1532.8985 1.0002152
A[8]         9.735648e-01  1.154933e+00 1368.2975 0.9998340
A[9]         2.041220e+00  2.477151e+00 1618.1935 0.9996047
A[10]        1.002893e+01  1.113267e+01 2049.3585 0.9996555
A[11]        3.398470e+00  4.047649e+00 1061.2526 1.0010960
A[12]        9.103418e+00  1.045251e+01 1174.0464 0.9999503
A[13]        5.782058e+00  6.586793e+00 1414.1473 1.0005985
A[14]        1.102793e+00  1.289943e+00 1353.0117 1.0005693
A[15]        1.472671e-01  1.903012e-01 1330.5040 0.9996512
A[16]        1.616423e+04  2.930228e+04  962.8850 1.0006507
A[17]        1.227842e+00  1.557452e+00 1316.8275 0.9999457
A[18]        2.420692e-01  2.992396e-01 1171.3923 0.9997501
A[19]        7.063455e+00  8.275226e+00 1355.1406 0.9999715
A[20]        3.373250e+00  3.833493e+00 1376.4945 1.0009217
A[21]        3.075861e-01  3.930017e-01 1397.4940 0.9996061
A[22]        4.306738e+01  5.279387e+01 1479.3783 0.9998517
A[23]        2.875587e+00  3.225519e+00 1412.3265 1.0002756
A[24]        4.364262e+00  4.847522e+00 1657.2446 0.9996548
A[25]        3.053846e+03  4.830642e+03  938.0794 1.0000030
B[1]         1.180723e+03  1.628579e+03 1056.4255 0.9996145
B[2]         6.207439e+00  6.703751e+00 1727.9797 1.0013598
B[3]         3.129365e-01  4.326191e-01 1055.5968 1.0001536
B[4]         1.021391e+00  1.202605e+00 1567.9290 1.0002385
B[5]         1.929506e+00  2.194356e+00 2080.2144 0.9996740
B[6]         2.035385e+01  2.331529e+01 2554.8046 0.9996148
B[7]         2.259194e+00  2.649647e+00 1384.2613 1.0006945
B[8]         9.379009e-01  1.100946e+00 1634.3066 0.9996227
B[9]         1.528743e+00  1.809475e+00 1911.8576 0.9997657
B[10]        1.106850e+01  1.224009e+01 2308.4470 0.9996059
B[11]        8.783645e+00  1.054080e+01 1035.4856 1.0016981
B[12]        1.263177e+01  1.451217e+01 1224.4799 1.0003988
B[13]        1.391833e+01  1.599313e+01 1199.9520 1.0010918
B[14]        1.883668e+00  2.200323e+00 1177.6922 1.0015875
B[15]        5.370910e-01  6.944484e-01 1502.0284 0.9996081
 [ reached getOption("max.print") -- omitted 39 rows ]

WAIC and LOOIC Results:
WAIC: -38.44709 
LOOIC: -38.44435 
EAIC: -18.91123 
EBIC: -6.722472 
