Summary Results:
                   mean      se_mean         sd          2.5%           25%         50%
alpha        0.02959070 0.0009603442 0.04102215 -0.0492207568  0.0026426284  0.02933292
delta        0.80467009 0.0011075225 0.04706473  0.7134489472  0.7726409399  0.80502570
mu[1]        0.50739404 0.0002399258 0.01024905  0.4876972945  0.5006606567  0.50733270
mu[2]        0.50739404 0.0002399258 0.01024905  0.4876972945  0.5006606567  0.50733270
mu[3]        0.50739404 0.0002399258 0.01024905  0.4876972945  0.5006606567  0.50733270
mu[4]        0.50739404 0.0002399258 0.01024905  0.4876972945  0.5006606567  0.50733270
mu[5]        0.50739404 0.0002399258 0.01024905  0.4876972945  0.5006606567  0.50733270
mu[6]        0.50739404 0.0002399258 0.01024905  0.4876972945  0.5006606567  0.50733270
mu[7]        0.50739404 0.0002399258 0.01024905  0.4876972945  0.5006606567  0.50733270
mu[8]        0.50739404 0.0002399258 0.01024905  0.4876972945  0.5006606567  0.50733270
mu[9]        0.50739404 0.0002399258 0.01024905  0.4876972945  0.5006606567  0.50733270
mu[10]       0.50739404 0.0002399258 0.01024905  0.4876972945  0.5006606567  0.50733270
mu[11]       0.50739404 0.0002399258 0.01024905  0.4876972945  0.5006606567  0.50733270
mu[12]       0.50739404 0.0002399258 0.01024905  0.4876972945  0.5006606567  0.50733270
mu[13]       0.50739404 0.0002399258 0.01024905  0.4876972945  0.5006606567  0.50733270
mu[14]       0.50739404 0.0002399258 0.01024905  0.4876972945  0.5006606567  0.50733270
mu[15]       0.50739404 0.0002399258 0.01024905  0.4876972945  0.5006606567  0.50733270
mu[16]       0.50739404 0.0002399258 0.01024905  0.4876972945  0.5006606567  0.50733270
mu[17]       0.50739404 0.0002399258 0.01024905  0.4876972945  0.5006606567  0.50733270
mu[18]       0.50739404 0.0002399258 0.01024905  0.4876972945  0.5006606567  0.50733270
mu[19]       0.50739404 0.0002399258 0.01024905  0.4876972945  0.5006606567  0.50733270
mu[20]       0.50739404 0.0002399258 0.01024905  0.4876972945  0.5006606567  0.50733270
mu[21]       0.50739404 0.0002399258 0.01024905  0.4876972945  0.5006606567  0.50733270
mu[22]       0.50739404 0.0002399258 0.01024905  0.4876972945  0.5006606567  0.50733270
mu[23]       0.50739404 0.0002399258 0.01024905  0.4876972945  0.5006606567  0.50733270
mu[24]       0.50739404 0.0002399258 0.01024905  0.4876972945  0.5006606567  0.50733270
mu[25]       0.50739404 0.0002399258 0.01024905  0.4876972945  0.5006606567  0.50733270
phi[1]       2.23843773 0.0024900423 0.10555602  2.0410185810  2.1654776057  2.23675399
phi[2]       2.23843773 0.0024900423 0.10555602  2.0410185810  2.1654776057  2.23675399
phi[3]       2.23843773 0.0024900423 0.10555602  2.0410185810  2.1654776057  2.23675399
phi[4]       2.23843773 0.0024900423 0.10555602  2.0410185810  2.1654776057  2.23675399
phi[5]       2.23843773 0.0024900423 0.10555602  2.0410185810  2.1654776057  2.23675399
phi[6]       2.23843773 0.0024900423 0.10555602  2.0410185810  2.1654776057  2.23675399
phi[7]       2.23843773 0.0024900423 0.10555602  2.0410185810  2.1654776057  2.23675399
phi[8]       2.23843773 0.0024900423 0.10555602  2.0410185810  2.1654776057  2.23675399
phi[9]       2.23843773 0.0024900423 0.10555602  2.0410185810  2.1654776057  2.23675399
phi[10]      2.23843773 0.0024900423 0.10555602  2.0410185810  2.1654776057  2.23675399
phi[11]      2.23843773 0.0024900423 0.10555602  2.0410185810  2.1654776057  2.23675399
phi[12]      2.23843773 0.0024900423 0.10555602  2.0410185810  2.1654776057  2.23675399
phi[13]      2.23843773 0.0024900423 0.10555602  2.0410185810  2.1654776057  2.23675399
phi[14]      2.23843773 0.0024900423 0.10555602  2.0410185810  2.1654776057  2.23675399
phi[15]      2.23843773 0.0024900423 0.10555602  2.0410185810  2.1654776057  2.23675399
phi[16]      2.23843773 0.0024900423 0.10555602  2.0410185810  2.1654776057  2.23675399
phi[17]      2.23843773 0.0024900423 0.10555602  2.0410185810  2.1654776057  2.23675399
phi[18]      2.23843773 0.0024900423 0.10555602  2.0410185810  2.1654776057  2.23675399
phi[19]      2.23843773 0.0024900423 0.10555602  2.0410185810  2.1654776057  2.23675399
phi[20]      2.23843773 0.0024900423 0.10555602  2.0410185810  2.1654776057  2.23675399
phi[21]      2.23843773 0.0024900423 0.10555602  2.0410185810  2.1654776057  2.23675399
phi[22]      2.23843773 0.0024900423 0.10555602  2.0410185810  2.1654776057  2.23675399
phi[23]      2.23843773 0.0024900423 0.10555602  2.0410185810  2.1654776057  2.23675399
phi[24]      2.23843773 0.0024900423 0.10555602  2.0410185810  2.1654776057  2.23675399
phi[25]      2.23843773 0.0024900423 0.10555602  2.0410185810  2.1654776057  2.23675399
A[1]         1.13577880 0.0013859143 0.05842723  1.0265970183  1.0957250750  1.13402767
A[2]         1.13577880 0.0013859143 0.05842723  1.0265970183  1.0957250750  1.13402767
A[3]         1.13577880 0.0013859143 0.05842723  1.0265970183  1.0957250750  1.13402767
A[4]         1.13577880 0.0013859143 0.05842723  1.0265970183  1.0957250750  1.13402767
A[5]         1.13577880 0.0013859143 0.05842723  1.0265970183  1.0957250750  1.13402767
A[6]         1.13577880 0.0013859143 0.05842723  1.0265970183  1.0957250750  1.13402767
A[7]         1.13577880 0.0013859143 0.05842723  1.0265970183  1.0957250750  1.13402767
A[8]         1.13577880 0.0013859143 0.05842723  1.0265970183  1.0957250750  1.13402767
A[9]         1.13577880 0.0013859143 0.05842723  1.0265970183  1.0957250750  1.13402767
A[10]        1.13577880 0.0013859143 0.05842723  1.0265970183  1.0957250750  1.13402767
A[11]        1.13577880 0.0013859143 0.05842723  1.0265970183  1.0957250750  1.13402767
A[12]        1.13577880 0.0013859143 0.05842723  1.0265970183  1.0957250750  1.13402767
A[13]        1.13577880 0.0013859143 0.05842723  1.0265970183  1.0957250750  1.13402767
A[14]        1.13577880 0.0013859143 0.05842723  1.0265970183  1.0957250750  1.13402767
A[15]        1.13577880 0.0013859143 0.05842723  1.0265970183  1.0957250750  1.13402767
A[16]        1.13577880 0.0013859143 0.05842723  1.0265970183  1.0957250750  1.13402767
A[17]        1.13577880 0.0013859143 0.05842723  1.0265970183  1.0957250750  1.13402767
A[18]        1.13577880 0.0013859143 0.05842723  1.0265970183  1.0957250750  1.13402767
A[19]        1.13577880 0.0013859143 0.05842723  1.0265970183  1.0957250750  1.13402767
A[20]        1.13577880 0.0013859143 0.05842723  1.0265970183  1.0957250750  1.13402767
A[21]        1.13577880 0.0013859143 0.05842723  1.0265970183  1.0957250750  1.13402767
A[22]        1.13577880 0.0013859143 0.05842723  1.0265970183  1.0957250750  1.13402767
A[23]        1.13577880 0.0013859143 0.05842723  1.0265970183  1.0957250750  1.13402767
A[24]        1.13577880 0.0013859143 0.05842723  1.0265970183  1.0957250750  1.13402767
A[25]        1.13577880 0.0013859143 0.05842723  1.0265970183  1.0957250750  1.13402767
B[1]         1.10265893 0.0013163549 0.05665428  0.9952727268  1.0639929996  1.10064101
B[2]         1.10265893 0.0013163549 0.05665428  0.9952727268  1.0639929996  1.10064101
B[3]         1.10265893 0.0013163549 0.05665428  0.9952727268  1.0639929996  1.10064101
B[4]         1.10265893 0.0013163549 0.05665428  0.9952727268  1.0639929996  1.10064101
B[5]         1.10265893 0.0013163549 0.05665428  0.9952727268  1.0639929996  1.10064101
B[6]         1.10265893 0.0013163549 0.05665428  0.9952727268  1.0639929996  1.10064101
B[7]         1.10265893 0.0013163549 0.05665428  0.9952727268  1.0639929996  1.10064101
B[8]         1.10265893 0.0013163549 0.05665428  0.9952727268  1.0639929996  1.10064101
B[9]         1.10265893 0.0013163549 0.05665428  0.9952727268  1.0639929996  1.10064101
B[10]        1.10265893 0.0013163549 0.05665428  0.9952727268  1.0639929996  1.10064101
B[11]        1.10265893 0.0013163549 0.05665428  0.9952727268  1.0639929996  1.10064101
B[12]        1.10265893 0.0013163549 0.05665428  0.9952727268  1.0639929996  1.10064101
B[13]        1.10265893 0.0013163549 0.05665428  0.9952727268  1.0639929996  1.10064101
B[14]        1.10265893 0.0013163549 0.05665428  0.9952727268  1.0639929996  1.10064101
B[15]        1.10265893 0.0013163549 0.05665428  0.9952727268  1.0639929996  1.10064101
B[16]        1.10265893 0.0013163549 0.05665428  0.9952727268  1.0639929996  1.10064101
B[17]        1.10265893 0.0013163549 0.05665428  0.9952727268  1.0639929996  1.10064101
B[18]        1.10265893 0.0013163549 0.05665428  0.9952727268  1.0639929996  1.10064101
B[19]        1.10265893 0.0013163549 0.05665428  0.9952727268  1.0639929996  1.10064101
B[20]        1.10265893 0.0013163549 0.05665428  0.9952727268  1.0639929996  1.10064101
B[21]        1.10265893 0.0013163549 0.05665428  0.9952727268  1.0639929996  1.10064101
B[22]        1.10265893 0.0013163549 0.05665428  0.9952727268  1.0639929996  1.10064101
B[23]        1.10265893 0.0013163549 0.05665428  0.9952727268  1.0639929996  1.10064101
                    75%       97.5%    n_eff      Rhat
alpha        0.05740283  0.10792026 1824.665 0.9996536
delta        0.83606989  0.89488859 1805.868 0.9996309
mu[1]        0.51434677  0.52695391 1824.793 0.9996535
mu[2]        0.51434677  0.52695391 1824.793 0.9996535
mu[3]        0.51434677  0.52695391 1824.793 0.9996535
mu[4]        0.51434677  0.52695391 1824.793 0.9996535
mu[5]        0.51434677  0.52695391 1824.793 0.9996535
mu[6]        0.51434677  0.52695391 1824.793 0.9996535
mu[7]        0.51434677  0.52695391 1824.793 0.9996535
mu[8]        0.51434677  0.52695391 1824.793 0.9996535
mu[9]        0.51434677  0.52695391 1824.793 0.9996535
mu[10]       0.51434677  0.52695391 1824.793 0.9996535
mu[11]       0.51434677  0.52695391 1824.793 0.9996535
mu[12]       0.51434677  0.52695391 1824.793 0.9996535
mu[13]       0.51434677  0.52695391 1824.793 0.9996535
mu[14]       0.51434677  0.52695391 1824.793 0.9996535
mu[15]       0.51434677  0.52695391 1824.793 0.9996535
mu[16]       0.51434677  0.52695391 1824.793 0.9996535
mu[17]       0.51434677  0.52695391 1824.793 0.9996535
mu[18]       0.51434677  0.52695391 1824.793 0.9996535
mu[19]       0.51434677  0.52695391 1824.793 0.9996535
mu[20]       0.51434677  0.52695391 1824.793 0.9996535
mu[21]       0.51434677  0.52695391 1824.793 0.9996535
mu[22]       0.51434677  0.52695391 1824.793 0.9996535
mu[23]       0.51434677  0.52695391 1824.793 0.9996535
mu[24]       0.51434677  0.52695391 1824.793 0.9996535
mu[25]       0.51434677  0.52695391 1824.793 0.9996535
phi[1]       2.30728127  2.44706337 1797.019 0.9996313
phi[2]       2.30728127  2.44706337 1797.019 0.9996313
phi[3]       2.30728127  2.44706337 1797.019 0.9996313
phi[4]       2.30728127  2.44706337 1797.019 0.9996313
phi[5]       2.30728127  2.44706337 1797.019 0.9996313
phi[6]       2.30728127  2.44706337 1797.019 0.9996313
phi[7]       2.30728127  2.44706337 1797.019 0.9996313
phi[8]       2.30728127  2.44706337 1797.019 0.9996313
phi[9]       2.30728127  2.44706337 1797.019 0.9996313
phi[10]      2.30728127  2.44706337 1797.019 0.9996313
phi[11]      2.30728127  2.44706337 1797.019 0.9996313
phi[12]      2.30728127  2.44706337 1797.019 0.9996313
phi[13]      2.30728127  2.44706337 1797.019 0.9996313
phi[14]      2.30728127  2.44706337 1797.019 0.9996313
phi[15]      2.30728127  2.44706337 1797.019 0.9996313
phi[16]      2.30728127  2.44706337 1797.019 0.9996313
phi[17]      2.30728127  2.44706337 1797.019 0.9996313
phi[18]      2.30728127  2.44706337 1797.019 0.9996313
phi[19]      2.30728127  2.44706337 1797.019 0.9996313
phi[20]      2.30728127  2.44706337 1797.019 0.9996313
phi[21]      2.30728127  2.44706337 1797.019 0.9996313
phi[22]      2.30728127  2.44706337 1797.019 0.9996313
phi[23]      2.30728127  2.44706337 1797.019 0.9996313
phi[24]      2.30728127  2.44706337 1797.019 0.9996313
phi[25]      2.30728127  2.44706337 1797.019 0.9996313
A[1]         1.17400086  1.25508205 1777.288 0.9996094
A[2]         1.17400086  1.25508205 1777.288 0.9996094
A[3]         1.17400086  1.25508205 1777.288 0.9996094
A[4]         1.17400086  1.25508205 1777.288 0.9996094
A[5]         1.17400086  1.25508205 1777.288 0.9996094
A[6]         1.17400086  1.25508205 1777.288 0.9996094
A[7]         1.17400086  1.25508205 1777.288 0.9996094
A[8]         1.17400086  1.25508205 1777.288 0.9996094
A[9]         1.17400086  1.25508205 1777.288 0.9996094
A[10]        1.17400086  1.25508205 1777.288 0.9996094
A[11]        1.17400086  1.25508205 1777.288 0.9996094
A[12]        1.17400086  1.25508205 1777.288 0.9996094
A[13]        1.17400086  1.25508205 1777.288 0.9996094
A[14]        1.17400086  1.25508205 1777.288 0.9996094
A[15]        1.17400086  1.25508205 1777.288 0.9996094
A[16]        1.17400086  1.25508205 1777.288 0.9996094
A[17]        1.17400086  1.25508205 1777.288 0.9996094
A[18]        1.17400086  1.25508205 1777.288 0.9996094
A[19]        1.17400086  1.25508205 1777.288 0.9996094
A[20]        1.17400086  1.25508205 1777.288 0.9996094
A[21]        1.17400086  1.25508205 1777.288 0.9996094
A[22]        1.17400086  1.25508205 1777.288 0.9996094
A[23]        1.17400086  1.25508205 1777.288 0.9996094
A[24]        1.17400086  1.25508205 1777.288 0.9996094
A[25]        1.17400086  1.25508205 1777.288 0.9996094
B[1]         1.13875701  1.21619336 1852.335 0.9996526
B[2]         1.13875701  1.21619336 1852.335 0.9996526
B[3]         1.13875701  1.21619336 1852.335 0.9996526
B[4]         1.13875701  1.21619336 1852.335 0.9996526
B[5]         1.13875701  1.21619336 1852.335 0.9996526
B[6]         1.13875701  1.21619336 1852.335 0.9996526
B[7]         1.13875701  1.21619336 1852.335 0.9996526
B[8]         1.13875701  1.21619336 1852.335 0.9996526
B[9]         1.13875701  1.21619336 1852.335 0.9996526
B[10]        1.13875701  1.21619336 1852.335 0.9996526
B[11]        1.13875701  1.21619336 1852.335 0.9996526
B[12]        1.13875701  1.21619336 1852.335 0.9996526
B[13]        1.13875701  1.21619336 1852.335 0.9996526
B[14]        1.13875701  1.21619336 1852.335 0.9996526
B[15]        1.13875701  1.21619336 1852.335 0.9996526
B[16]        1.13875701  1.21619336 1852.335 0.9996526
B[17]        1.13875701  1.21619336 1852.335 0.9996526
B[18]        1.13875701  1.21619336 1852.335 0.9996526
B[19]        1.13875701  1.21619336 1852.335 0.9996526
B[20]        1.13875701  1.21619336 1852.335 0.9996526
B[21]        1.13875701  1.21619336 1852.335 0.9996526
B[22]        1.13875701  1.21619336 1852.335 0.9996526
B[23]        1.13875701  1.21619336 1852.335 0.9996526
 [ reached getOption("max.print") -- omitted 31 rows ]

WAIC and LOOIC Results:
WAIC: -0.06506732 
LOOIC: -0.06479876 
EAIC: 3.842689 
EBIC: 6.280441 
