Summary Results:
                    mean      se_mean          sd        2.5%          25%          50%
alpha         7.11439498 0.0189048182 0.669276149   5.7942850   6.66448405   7.10807837
delta         2.00167619 0.0011966654 0.052855947   1.8944745   1.96585845   2.00276149
beta[1]      -0.80284836 0.0270169577 0.953640192  -2.6552914  -1.44245073  -0.80371279
beta[2]      -8.08894316 0.0102608146 0.434120928  -8.9405096  -8.38980822  -8.09443300
beta[3]       0.50755955 0.0209959703 0.765359141  -0.9947233   0.01049206   0.49089756
beta[4]      -4.43049370 0.0160170058 0.584402598  -5.5880266  -4.81568729  -4.42190550
mu[1]         0.89486646 0.0001769163 0.007633493   0.8796550   0.88971021   0.89515717
mu[2]         0.54123032 0.0001959808 0.008851263   0.5238395   0.53506311   0.54137646
mu[3]         0.56310085 0.0005349746 0.020438857   0.5215813   0.54993105   0.56340972
mu[4]         0.18936088 0.0001777372 0.008547938   0.1728301   0.18353593   0.18907810
mu[5]         0.65142827 0.0002324220 0.011721089   0.6291013   0.64363397   0.65153641
mu[6]         0.80693355 0.0002694192 0.011843435   0.7830523   0.79914423   0.80682171
mu[7]         0.22423772 0.0002162077 0.009904931   0.2051570   0.21736884   0.22414169
mu[8]         0.39990555 0.0003103542 0.013414445   0.3733662   0.39071464   0.40019888
mu[9]         0.75667043 0.0003293401 0.014741241   0.7273846   0.74698628   0.75680583
mu[10]        0.70270331 0.0002029988 0.009717809   0.6840229   0.69615488   0.70281553
mu[11]        0.28369005 0.0003105584 0.013111820   0.2580775   0.27494162   0.28346909
mu[12]        0.49376995 0.0002966820 0.012548699   0.4681986   0.48574234   0.49392076
mu[13]        0.53377332 0.0003772076 0.014587788   0.5049024   0.52416247   0.53385655
mu[14]        0.42409591 0.0003955681 0.015085999   0.3952179   0.41368950   0.42403493
mu[15]        0.11802610 0.0002084924 0.009319463   0.1008753   0.11147102   0.11770936
mu[16]        0.85778969 0.0003013738 0.012493889   0.8320511   0.84944188   0.85818607
mu[17]        0.33641779 0.0004937538 0.019329281   0.2998008   0.32322815   0.33634786
mu[18]        0.17331487 0.0002322372 0.010103697   0.1539937   0.16640974   0.17314678
mu[19]        0.53309743 0.0003365841 0.014246367   0.5047554   0.52359903   0.53327768
mu[20]        0.56448377 0.0004051529 0.015373497   0.5345879   0.55417997   0.56462029
mu[21]        0.43084227 0.0003672462 0.016837042   0.3976208   0.41948007   0.43046256
mu[22]        0.72724085 0.0003552229 0.014384153   0.6988736   0.71738433   0.72731203
mu[23]        0.29396088 0.0002409325 0.011223861   0.2716784   0.28663846   0.29382593
mu[24]        0.39856838 0.0002873233 0.012137070   0.3749937   0.39063501   0.39837315
mu[25]        0.79564707 0.0003434840 0.013842863   0.7676894   0.78671907   0.79572368
phi[1]        7.41177663 0.0088345302 0.391024314   6.6490534   7.14104022   7.40948913
phi[2]        7.41177663 0.0088345302 0.391024314   6.6490534   7.14104022   7.40948913
phi[3]        7.41177663 0.0088345302 0.391024314   6.6490534   7.14104022   7.40948913
phi[4]        7.41177663 0.0088345302 0.391024314   6.6490534   7.14104022   7.40948913
phi[5]        7.41177663 0.0088345302 0.391024314   6.6490534   7.14104022   7.40948913
phi[6]        7.41177663 0.0088345302 0.391024314   6.6490534   7.14104022   7.40948913
phi[7]        7.41177663 0.0088345302 0.391024314   6.6490534   7.14104022   7.40948913
phi[8]        7.41177663 0.0088345302 0.391024314   6.6490534   7.14104022   7.40948913
phi[9]        7.41177663 0.0088345302 0.391024314   6.6490534   7.14104022   7.40948913
phi[10]       7.41177663 0.0088345302 0.391024314   6.6490534   7.14104022   7.40948913
phi[11]       7.41177663 0.0088345302 0.391024314   6.6490534   7.14104022   7.40948913
phi[12]       7.41177663 0.0088345302 0.391024314   6.6490534   7.14104022   7.40948913
phi[13]       7.41177663 0.0088345302 0.391024314   6.6490534   7.14104022   7.40948913
phi[14]       7.41177663 0.0088345302 0.391024314   6.6490534   7.14104022   7.40948913
phi[15]       7.41177663 0.0088345302 0.391024314   6.6490534   7.14104022   7.40948913
phi[16]       7.41177663 0.0088345302 0.391024314   6.6490534   7.14104022   7.40948913
phi[17]       7.41177663 0.0088345302 0.391024314   6.6490534   7.14104022   7.40948913
phi[18]       7.41177663 0.0088345302 0.391024314   6.6490534   7.14104022   7.40948913
phi[19]       7.41177663 0.0088345302 0.391024314   6.6490534   7.14104022   7.40948913
phi[20]       7.41177663 0.0088345302 0.391024314   6.6490534   7.14104022   7.40948913
phi[21]       7.41177663 0.0088345302 0.391024314   6.6490534   7.14104022   7.40948913
phi[22]       7.41177663 0.0088345302 0.391024314   6.6490534   7.14104022   7.40948913
phi[23]       7.41177663 0.0088345302 0.391024314   6.6490534   7.14104022   7.40948913
phi[24]       7.41177663 0.0088345302 0.391024314   6.6490534   7.14104022   7.40948913
phi[25]       7.41177663 0.0088345302 0.391024314   6.6490534   7.14104022   7.40948913
A[1]          6.63333049 0.0085582598 0.368787103   5.9178872   6.38576569   6.63126043
A[2]          4.01165880 0.0050594973 0.224780676   3.5725720   3.86164711   4.00817028
A[3]          4.17407700 0.0067631012 0.275076401   3.6423810   3.99015300   4.16803184
A[4]          1.40273846 0.0017421209 0.085738430   1.2378007   1.34497816   1.40117437
A[5]          4.82866837 0.0061854553 0.276713781   4.2977170   4.64026859   4.83173026
A[6]          5.98172106 0.0079252460 0.343768237   5.3263749   5.75529596   5.97770496
A[7]          1.66127258 0.0021712927 0.103180442   1.4629447   1.59037929   1.65917555
A[8]          2.96363857 0.0040767399 0.179265218   2.6201195   2.84348287   2.96161978
A[9]          5.60893032 0.0072366146 0.326859412   4.9790076   5.38918394   5.60830381
A[10]         5.20901040 0.0068894476 0.297211637   4.6381385   5.01005596   5.20458548
A[11]         2.10180334 0.0030220448 0.134992430   1.8466547   2.00832520   2.09842171
A[12]         3.65957319 0.0048119048 0.211913487   3.2431636   3.51652903   3.66035655
A[13]         3.95642219 0.0054085036 0.238490882   3.4955854   3.79960746   3.95521738
A[14]         3.14281300 0.0043031454 0.191920473   2.7796164   3.00990647   3.14026968
A[15]         0.87424984 0.0017063513 0.077063989   0.7291189   0.82285462   0.87353681
A[16]         6.35851592 0.0082703087 0.361658777   5.6594076   6.11391335   6.35991255
A[17]         2.49348948 0.0047776896 0.194932546   2.1242260   2.36283887   2.49086402
A[18]         1.28401498 0.0021122909 0.093490936   1.1036023   1.22215470   1.28363179
A[19]         3.95106449 0.0051759779 0.231370136   3.5036040   3.78901008   3.95252753
A[20]         4.18397015 0.0056455543 0.250577145   3.7001398   4.01589712   4.17895049
A[21]         3.19277407 0.0042824014 0.201395094   2.8168885   3.05397941   3.19093672
A[22]         5.39118690 0.0076718692 0.321753634   4.7654781   5.18145643   5.38657977
A[23]         2.17808479 0.0028631203 0.130962297   1.9329511   2.08963352   2.17721786
A[24]         2.95388902 0.0041163563 0.176423257   2.6057221   2.83593137   2.94904453
A[25]         5.89804780 0.0080684858 0.343191514   5.2129751   5.66138163   5.89670546
B[1]          0.77844615 0.0012896711 0.060473444   0.6606595   0.73788856   0.77751214
B[2]          3.40011784 0.0042753344 0.187792827   3.0402124   3.27140151   3.39699412
B[3]          3.23769963 0.0053245093 0.221044619   2.8165226   3.08850331   3.23671126
B[4]          6.00903817 0.0077721008 0.337165010   5.3444923   5.78201918   6.00352913
B[5]          2.58310827 0.0034755475 0.154707523   2.2943531   2.47289318   2.58117836
B[6]          1.43005558 0.0023246944 0.103991452   1.2352797   1.35775553   1.42887337
B[7]          5.75050406 0.0075572546 0.325279916   5.1213963   5.53587806   5.74850573
B[8]          4.44813807 0.0059274481 0.261233681   3.9372060   4.26600647   4.44416546
B[9]          1.80284632 0.0031461864 0.136453552   1.5449144   1.71100441   1.80058275
B[10]         2.20276623 0.0027066609 0.124471954   1.9702393   2.11744057   2.20110130
B[11]         5.30997330 0.0072618115 0.311375185   4.7040572   5.10520333   5.30753993
B[12]         3.75220345 0.0049968909 0.221086837   3.3194883   3.60171103   3.74607569
B[13]         3.45535445 0.0050332350 0.208423087   3.0528504   3.31428916   3.45228399
B[14]         4.26896363 0.0063270710 0.259696206   3.7642401   4.09916350   4.26295262
B[15]         6.53752679 0.0082261565 0.361447263   5.8331627   6.29259290   6.53196798
B[16]         1.05326072 0.0023392905 0.099855844   0.8604011   0.98720272   1.05357462
B[17]         4.91828716 0.0067432922 0.295668580   4.3657925   4.71346851   4.91569356
B[18]         6.12776165 0.0077493357 0.341865208   5.4661935   5.89516050   6.12728781
B[19]         3.46071215 0.0049127164 0.213147648   3.0487908   3.31624183   3.45837074
                     75%       97.5%     n_eff      Rhat
alpha         7.56987963   8.4313735 1253.3307 1.0005233
delta         2.03779260   2.1038168 1950.9325 0.9999716
beta[1]      -0.17649458   1.0555409 1245.9374 1.0003464
beta[2]      -7.78715254  -7.2592870 1790.0195 1.0020219
beta[3]       1.01313566   2.0342522 1328.7970 1.0017776
beta[4]      -4.03272860  -3.2985138 1331.2561 1.0001308
mu[1]         0.90006188   0.9093126 1861.7052 1.0001239
mu[2]         0.54717923   0.5585110 2039.7807 1.0000385
mu[3]         0.57670831   0.6035343 1459.6439 1.0048072
mu[4]         0.19486253   0.2068770 2312.9487 0.9998429
mu[5]         0.65932177   0.6740271 2543.2065 1.0025726
mu[6]         0.81512955   0.8292008 1932.4062 1.0004861
mu[7]         0.23073351   0.2442546 2098.7497 1.0002765
mu[8]         0.40907950   0.4254979 1868.2290 1.0018984
mu[9]         0.76681626   0.7842507 2003.4511 1.0010695
mu[10]        0.70929933   0.7218915 2291.6567 1.0020672
mu[11]        0.29271435   0.3090069 1782.5405 1.0005430
mu[12]        0.50205198   0.5187238 1789.0191 0.9997743
mu[13]        0.54402387   0.5618737 1495.6092 0.9997597
mu[14]        0.43374884   0.4539844 1454.4725 0.9996496
mu[15]        0.12424806   0.1371780 1998.0263 0.9996036
mu[16]        0.86624162   0.8812544 1718.6378 1.0016091
mu[17]        0.35004643   0.3739359 1532.5353 0.9999631
mu[18]        0.17980827   0.1936696 1892.7669 0.9997165
mu[19]        0.54252069   0.5605834 1791.5176 0.9998448
mu[20]        0.57488105   0.5941463 1439.8177 0.9996219
mu[21]        0.44248572   0.4647895 2101.9233 1.0012007
mu[22]        0.73698956   0.7549348 1639.7087 1.0005608
mu[23]        0.30148618   0.3154511 2170.1698 0.9996766
mu[24]        0.40665689   0.4232987 1784.3751 1.0002016
mu[25]        0.80504376   0.8225247 1624.1977 0.9998694
phi[1]        7.67365169   8.1973985 1959.0278 0.9999203
phi[2]        7.67365169   8.1973985 1959.0278 0.9999203
phi[3]        7.67365169   8.1973985 1959.0278 0.9999203
phi[4]        7.67365169   8.1973985 1959.0278 0.9999203
phi[5]        7.67365169   8.1973985 1959.0278 0.9999203
phi[6]        7.67365169   8.1973985 1959.0278 0.9999203
phi[7]        7.67365169   8.1973985 1959.0278 0.9999203
phi[8]        7.67365169   8.1973985 1959.0278 0.9999203
phi[9]        7.67365169   8.1973985 1959.0278 0.9999203
phi[10]       7.67365169   8.1973985 1959.0278 0.9999203
phi[11]       7.67365169   8.1973985 1959.0278 0.9999203
phi[12]       7.67365169   8.1973985 1959.0278 0.9999203
phi[13]       7.67365169   8.1973985 1959.0278 0.9999203
phi[14]       7.67365169   8.1973985 1959.0278 0.9999203
phi[15]       7.67365169   8.1973985 1959.0278 0.9999203
phi[16]       7.67365169   8.1973985 1959.0278 0.9999203
phi[17]       7.67365169   8.1973985 1959.0278 0.9999203
phi[18]       7.67365169   8.1973985 1959.0278 0.9999203
phi[19]       7.67365169   8.1973985 1959.0278 0.9999203
phi[20]       7.67365169   8.1973985 1959.0278 0.9999203
phi[21]       7.67365169   8.1973985 1959.0278 0.9999203
phi[22]       7.67365169   8.1973985 1959.0278 0.9999203
phi[23]       7.67365169   8.1973985 1959.0278 0.9999203
phi[24]       7.67365169   8.1973985 1959.0278 0.9999203
phi[25]       7.67365169   8.1973985 1959.0278 0.9999203
A[1]          6.87496125   7.3793611 1856.8658 1.0000002
A[2]          4.16552113   4.4624205 1973.8003 1.0001188
A[3]          4.35673365   4.7183149 1654.3024 1.0025169
A[4]          1.45956837   1.5701223 2422.1135 0.9996305
A[5]          5.01731267   5.3763171 2001.3278 1.0007171
A[6]          6.20573737   6.6774452 1881.5077 1.0001541
A[7]          1.73001985   1.8671730 2258.1772 0.9996045
A[8]          3.08436270   3.3117304 1933.5975 1.0014235
A[9]          5.82241347   6.2712943 2040.0984 1.0004287
A[10]         5.40377847   5.8020611 1861.0705 1.0003903
A[11]         2.19022799   2.3762966 1995.3405 0.9996434
A[12]         3.79912336   4.0792277 1939.4704 1.0000847
A[13]         4.11956565   4.4318808 1944.4166 0.9996930
A[14]         3.27283551   3.5234239 1989.1639 0.9997413
A[15]         0.92631688   1.0276936 2039.6989 0.9997057
A[16]         6.60142841   7.0870354 1912.2936 0.9996197
A[17]         2.62272279   2.8827788 1664.6880 1.0002783
A[18]         1.34622592   1.4708438 1958.9871 1.0001187
A[19]         4.10592426   4.4014335 1998.1578 1.0001410
A[20]         4.35453332   4.6811766 1970.0159 0.9997828
A[21]         3.33089816   3.5817146 2211.6838 1.0012476
A[22]         5.60685295   6.0533182 1758.9138 1.0002439
A[23]         2.26141105   2.4412240 2092.2490 0.9997169
A[24]         3.07156002   3.3107692 1836.9010 1.0004034
A[25]         6.12932360   6.5992863 1809.2101 0.9997103
B[1]          0.81981778   0.8991602 2198.7277 0.9996392
B[2]          3.52675041   3.7768267 1929.3802 0.9997000
B[3]          3.38294196   3.6982688 1723.4581 1.0008609
B[4]          6.22858618   6.6872412 1881.9503 0.9999745
B[5]          2.68866055   2.8994596 1981.4194 0.9998110
B[6]          1.49893196   1.6463688 2001.0759 0.9997104
B[7]          5.96066583   6.4117501 1852.6202 1.0000927
B[8]          4.62678420   4.9815076 1942.3291 0.9996062
B[9]          1.89411595   2.0836787 1881.0520 0.9999117
B[10]         2.28704515   2.4566664 2114.8292 0.9997185
B[11]         5.51107154   5.9419726 1838.5611 1.0002421
B[12]         3.90191305   4.2022117 1957.6094 0.9997113
B[13]         3.59628893   3.8638170 1714.7359 1.0001080
B[14]         4.44427139   4.7959682 1684.7125 0.9999298
B[15]         6.77693000   7.2653675 1930.6162 0.9998948
B[16]         1.11863268   1.2559170 1822.1271 1.0025187
B[17]         5.12166733   5.5151365 1922.5002 0.9996422
B[18]         6.35676793   6.8102085 1946.1704 0.9998028
B[19]         3.60385028   3.8957712 1882.4251 0.9996575
 [ reached getOption("max.print") -- omitted 35 rows ]

WAIC and LOOIC Results:
WAIC: -29.22394 
LOOIC: -29.22296 
EAIC: -17.43932 
EBIC: -10.12606 
