Summary Results:
                   mean      se_mean           sd         2.5%          25%          50%
alpha         1.9054541 0.0382014156  0.917811895   0.20937195   1.25942347   1.86413834
delta       -14.0653156 0.1344968014  2.867858050 -19.46812363 -16.03390907 -14.14793867
beta[1]       4.3961939 0.0574042684  1.299753819   1.81577442   3.49397056   4.43827557
beta[2]      -5.0896434 0.0480875580  1.053353724  -7.41972412  -5.72560937  -5.03536864
beta[3]      -0.2538913 0.0857877159  1.875667363  -3.63778816  -1.52990544  -0.32106497
beta[4]      -6.6734989 0.0700718857  1.518699814 -10.02862361  -7.60008527  -6.60263391
epsilon[1]   24.8464072 0.2068124637  4.435864072  15.98873832  21.85716176  24.97418422
epsilon[2]    4.9050056 0.0842538602  1.923263780   0.79550321   3.79428023   4.99394644
epsilon[3]  -13.7635606 0.0988070025  2.359880404 -18.21871726 -15.34263413 -13.81305401
epsilon[4]   -2.9000431 0.0804732366  1.879141799  -6.49837435  -4.17586006  -2.87372554
mu[1]         0.8045983 0.0007931508  0.020592849   0.76323386   0.79056741   0.80580139
mu[2]         0.5348742 0.0001820095  0.006830698   0.52160879   0.53018347   0.53506842
mu[3]         0.5120207 0.0022241359  0.047055339   0.41560926   0.48208566   0.51255869
mu[4]         0.2156433 0.0003699474  0.011190072   0.19175352   0.20835053   0.21570067
mu[5]         0.6742782 0.0001896452  0.007000130   0.65979616   0.66980207   0.67441437
mu[6]         0.7630507 0.0002762204  0.009620428   0.74384744   0.75650114   0.76299135
mu[7]         0.2461114 0.0002475197  0.010132052   0.22552623   0.23954018   0.24593380
mu[8]         0.4092070 0.0007811626  0.018918066   0.37166115   0.39664005   0.41002847
mu[9]         0.7941963 0.0002021160  0.007455523   0.77882424   0.78924148   0.79457954
mu[10]        0.6569244 0.0004119122  0.011086798   0.63491735   0.64924509   0.65685650
mu[11]        0.3232616 0.0008375411  0.020220197   0.28419871   0.30981587   0.32323194
mu[12]        0.4788442 0.0006046974  0.017366051   0.44594497   0.46668475   0.47912315
mu[13]        0.5219727 0.0003322730  0.010936741   0.50020354   0.51501694   0.52212525
mu[14]        0.5185093 0.0007413408  0.016489386   0.48339486   0.50802159   0.51983062
mu[15]        0.1020505 0.0007693354  0.017667324   0.06675386   0.09051536   0.10164033
mu[16]        0.7523069 0.0022783472  0.050289024   0.64908704   0.71939647   0.75427848
mu[17]        0.2381490 0.0016387888  0.036457195   0.16536869   0.21412990   0.23765668
mu[18]        0.1527136 0.0009920664  0.022214439   0.10735664   0.13849259   0.15249407
mu[19]        0.5570035 0.0007653911  0.019844624   0.51913052   0.54352739   0.55691286
mu[20]        0.6067353 0.0005965006  0.013287258   0.57762600   0.59814955   0.60759116
mu[21]        0.5419450 0.0003799262  0.013790717   0.51481118   0.53286182   0.54245013
mu[22]        0.5779186 0.0012095716  0.029260996   0.52136978   0.55730123   0.57780911
mu[23]        0.2937842 0.0003348409  0.012417735   0.27035383   0.28509497   0.29359762
mu[24]        0.3410107 0.0007750159  0.019449368   0.30413135   0.32756714   0.34126201
mu[25]        0.6319319 0.0017207952  0.042052423   0.55067650   0.60321507   0.63369463
phi[1]        3.6625008 0.0217812617  0.662038963   2.54727310   3.21304068   3.60446666
phi[2]       16.0244463 0.0717966618  1.806837247  12.65983396  14.72620460  15.92551876
phi[3]        9.4107976 0.1658324270  3.547111642   4.32997367   6.96650367   8.80028686
phi[4]        8.5810391 0.0335985832  1.016767802   6.80624106   7.89520455   8.50841826
phi[5]       29.8921839 0.1287494578  4.117208686  22.65724087  27.01288100  29.58963484
phi[6]       30.9773862 0.1565253051  4.741414982  22.56779486  27.69268176  30.60503794
phi[7]        9.8088755 0.0663915866  1.614601089   7.00329688   8.64801800   9.68555458
phi[8]        6.8690033 0.0536975763  1.306418436   4.68922801   5.97560753   6.75723286
phi[9]      102.7801736 0.9608310430 25.271328383  61.52244722  84.76234743  99.99852028
phi[10]      13.9104359 0.0216107246  1.035442440  11.92061528  13.20725449  13.88938430
phi[11]       6.9111628 0.0591893172  1.392313931   4.64214223   5.93289130   6.78705272
phi[12]       5.0718664 0.0127014418  0.539347333   4.05942242   4.70396875   5.05428934
phi[13]      21.5887980 0.2264450933  5.130700542  13.16977669  17.89071068  21.09516024
phi[14]      42.8195893 0.5213284341 11.986630073  23.64210938  34.23278461  41.56918592
phi[15]       3.7680103 0.0198583682  0.689688353   2.60104358   3.27232975   3.70732298
phi[16]       3.1735256 0.0964409803  2.027096395   1.14778226   2.01445673   2.74030062
phi[17]       3.8700712 0.0340938651  0.874756982   2.51167848   3.23892463   3.77154168
phi[18]       4.2418357 0.0277198716  0.731124672   3.01797499   3.72540610   4.18626707
phi[19]       8.9801990 0.0277522614  1.171876597   6.95331900   8.15286313   8.88178006
phi[20]      44.7025580 0.5662801945 12.771210866  24.23128452  35.43009501  43.51701661
phi[21]      33.2255970 0.2082328580  6.859321965  21.69865028  28.37936696  32.59306388
phi[22]       3.8936723 0.0294243434  0.712395975   2.77767613   3.38604681   3.80310310
phi[23]       3.8147237 0.0095230910  0.381580531   3.10335250   3.55413926   3.79799027
phi[24]       2.8199739 0.0205981234  0.464140062   2.05704287   2.49679960   2.77081227
phi[25]       1.0243241 0.0117371673  0.304354804   0.58834569   0.81491027   0.98216883
A[1]          2.9550158 0.0198846547  0.585153855   1.96622187   2.55895162   2.89473391
A[2]          8.5667198 0.0369704080  0.930923950   6.82711916   7.90283330   8.53126313
A[3]          4.9594671 0.1086092889  2.293693400   1.80027777   3.38732887   4.50002675
A[4]          1.8450054 0.0055954234  0.191498713   1.49868801   1.71630869   1.83766071
A[5]         20.1601054 0.0867418114  2.814248818  15.19450225  18.18842292  19.94898910
A[6]         23.6187103 0.1130892708  3.500623194  17.39535420  21.21576432  23.32959806
A[7]          2.4079005 0.0149251568  0.366619321   1.74036148   2.15090961   2.38591634
A[8]          2.8245654 0.0268914126  0.620991067   1.80446432   2.39418903   2.75739345
A[9]         81.7188877 0.7809485306 20.485012783  48.19410764  67.01631219  79.38552029
A[10]         9.1374342 0.0146991673  0.688243619   7.80322328   8.67339169   9.12782187
A[11]         2.2505669 0.0249285330  0.554691402   1.37127769   1.85982016   2.19773289
A[12]         2.4295387 0.0076202206  0.280692977   1.90212341   2.23807666   2.41640167
A[13]        11.2810253 0.1221818493  2.735399619   6.81861392   9.31631904  11.01129161
A[14]        22.3507521 0.2998053265  6.796532313  11.56134819  17.40764327  21.60300242
A[15]         0.3892112 0.0047030305  0.115335641   0.20097190   0.30436650   0.37566424
A[16]         2.4646719 0.0873867263  1.823776146   0.74955110   1.44803994   2.06373220
A[17]         0.9420439 0.0145674958  0.327855237   0.45339854   0.70150606   0.89184729
A[18]         0.6575910 0.0083478932  0.187006645   0.35337956   0.52407258   0.63938979
A[19]         5.0050808 0.0190929246  0.700966669   3.80162656   4.50838084   4.94219715
A[20]        27.2435045 0.3682060481  8.215346874  14.26866919  21.24472816  26.34929919
A[21]        18.0432303 0.1213441164  3.921848368  11.42148230  15.23895389  17.66459624
A[22]         2.2649026 0.0219091796  0.506723903   1.47880949   1.90529522   2.18597543
A[23]         1.1205395 0.0033978464  0.119940565   0.89652407   1.03923052   1.11769280
A[24]         0.9674532 0.0094010171  0.200774323   0.64582401   0.82165848   0.94248165
A[25]         0.6571698 0.0095950566  0.239792090   0.33660654   0.49360699   0.61781928
B[1]          0.7074850 0.0028390217  0.100600282   0.53247049   0.63681452   0.69958029
B[2]          7.4577264 0.0350055469  0.887624559   5.88348664   6.82652247   7.39906800
B[3]          4.4513306 0.0575875700  1.281260647   2.47181036   3.55517790   4.29209716
B[4]          6.7360337 0.0286583976  0.849861252   5.23001584   6.15498318   6.66946790
B[5]          9.7320786 0.0426092649  1.326268392   7.41633340   8.80119681   9.63197555
B[6]          7.3586758 0.0442544282  1.280459116   5.17320054   6.44968318   7.25251600
B[7]          7.4009750 0.0516705289  1.263641798   5.21643166   6.52432815   7.30733328
B[8]          4.0444379 0.0270005627  0.703003415   2.84293596   3.55988581   3.98963164
B[9]         21.0612858 0.1807621597  4.840141173  12.96883225  17.65321640  20.52471115
B[10]         4.7730017 0.0094996733  0.396052512   4.03210537   4.49817451   4.76384044
B[11]         4.6605959 0.0345457060  0.858397648   3.23186538   4.05816719   4.57206004
B[12]         2.6423277 0.0062830732  0.286571286   2.11446805   2.44467618   2.63135387
B[13]        10.3077727 0.1045546754  2.416002416   6.42414531   8.56587112  10.05326454
B[14]        20.4688372 0.2218483614  5.222501727  12.04477179  16.74548432  19.87757836
B[15]         3.3787991 0.0156803804  0.595356870   2.35520682   2.95492234   3.32290619
                      75%       97.5%     n_eff      Rhat
alpha        2.529080e+00   3.7911582  577.2294 1.0000670
delta       -1.214270e+01  -8.3609529  454.6649 1.0005762
beta[1]      5.313618e+00   6.8463325  512.6652 1.0014999
beta[2]     -4.385867e+00  -3.1796716  479.8252 1.0066544
beta[3]      8.628783e-01   3.8607972  478.0369 1.0044699
beta[4]     -5.601810e+00  -3.9573621  469.7386 1.0031078
epsilon[1]   2.789034e+01  33.2955893  460.0479 1.0007830
epsilon[2]   6.172367e+00   8.4981064  521.0724 1.0055163
epsilon[3]  -1.227576e+01  -9.1052443  570.4329 1.0083414
epsilon[4]  -1.665910e+00   0.7995356  545.2757 1.0039169
mu[1]        8.190600e-01   0.8430651  674.0954 1.0023453
mu[2]        5.395179e-01   0.5477451 1408.4521 0.9999419
mu[3]        5.456433e-01   0.5976502  447.6053 1.0044534
mu[4]        2.231737e-01   0.2371302  914.9258 1.0008413
mu[5]        6.790706e-01   0.6872995 1362.4751 1.0027016
mu[6]        7.696124e-01   0.7815787 1213.0459 0.9996384
mu[7]        2.530056e-01   0.2655706 1675.6188 0.9996101
mu[8]        4.224524e-01   0.4444941  586.5035 1.0038204
mu[9]        7.994354e-01   0.8079860 1360.6758 1.0000923
mu[10]       6.646536e-01   0.6778770  724.4409 0.9998168
mu[11]       3.364367e-01   0.3646776  582.8523 1.0032003
mu[12]       4.908517e-01   0.5128025  824.7568 1.0009100
mu[13]       5.290878e-01   0.5438060 1083.3920 1.0043544
mu[14]       5.303020e-01   0.5480416  494.7356 1.0014796
mu[15]       1.139218e-01   0.1373149  527.3636 1.0021352
mu[16]       7.856659e-01   0.8515111  487.1992 1.0064451
mu[17]       2.632629e-01   0.3088312  494.9035 1.0017892
mu[18]       1.675926e-01   0.1953358  501.4056 1.0025090
mu[19]       5.697975e-01   0.5965243  672.2317 1.0014203
mu[20]       6.162518e-01   0.6294740  496.1911 1.0037879
mu[21]       5.514310e-01   0.5682506 1317.5749 1.0037552
mu[22]       5.984582e-01   0.6348422  585.2144 0.9999250
mu[23]       3.019251e-01   0.3191217 1375.3323 0.9999475
mu[24]       3.542003e-01   0.3789813  629.7812 1.0004392
mu[25]       6.602428e-01   0.7133609  597.2053 1.0041706
phi[1]       4.045675e+00   5.1451541  923.8491 1.0000186
phi[2]       1.711574e+01  19.9337732  633.3293 0.9998274
phi[3]       1.123683e+01  18.3982437  457.5208 1.0055052
phi[4]       9.212323e+00  10.7203488  915.8021 1.0005164
phi[5]       3.254619e+01  38.6497471 1022.6216 1.0017210
phi[6]       3.375698e+01  41.7783546  917.5861 0.9997900
phi[7]       1.075136e+01  13.4428573  591.4314 1.0018214
phi[8]       7.635702e+00   9.7712564  591.9094 1.0028110
phi[9]       1.175892e+02 161.6960162  691.7706 1.0000065
phi[10]      1.458338e+01  16.0410813 2295.6901 1.0027954
phi[11]      7.717576e+00  10.0765741  553.3344 1.0044549
phi[12]      5.418113e+00   6.1869082 1803.1465 1.0001632
phi[13]      2.452299e+01  33.6557682  513.3665 1.0011010
phi[14]      4.952371e+01  69.4238837  528.6538 1.0002959
phi[15]      4.176439e+00   5.3047952 1206.1982 1.0004667
phi[16]      3.733700e+00   7.8481847  441.7999 1.0058038
phi[17]      4.386570e+00   5.9212044  658.2977 1.0022271
phi[18]      4.672819e+00   5.8588964  695.6655 1.0019240
phi[19]      9.733993e+00  11.5606287 1783.0643 1.0000181
phi[20]      5.189846e+01  75.6206138  508.6293 1.0004516
phi[21]      3.733797e+01  48.4719555 1085.0852 1.0012715
phi[22]      4.310304e+00   5.5562967  586.1778 1.0009110
phi[23]      4.062752e+00   4.5786973 1605.5231 1.0019879
phi[24]      3.094053e+00   3.8642058  507.7417 1.0002254
phi[25]      1.171558e+00   1.6908098  672.4093 1.0039548
A[1]         3.286975e+00   4.2682562  865.9724 1.0002747
A[2]         9.144290e+00  10.5692395  634.0448 0.9998988
A[3]         6.120267e+00  10.8143614  446.0020 1.0054403
A[4]         1.968998e+00   2.2547372 1171.2937 0.9998502
A[5]         2.200527e+01  26.0967329 1052.6113 1.0020638
A[6]         2.572168e+01  31.5730341  958.1818 0.9998044
A[7]         2.644242e+00   3.1608542  603.3828 1.0019801
A[8]         3.180610e+00   4.2144414  533.2655 1.0034445
A[9]         9.377235e+01 129.7103322  688.0621 1.0000267
A[10]        9.586841e+00  10.5369809 2192.2946 1.0031208
A[11]        2.541059e+00   3.5734079  495.1188 1.0049162
A[12]        2.611803e+00   2.9988829 1356.8380 1.0007359
A[13]        1.284653e+01  17.7285265  501.2197 1.0014822
A[14]        2.614978e+01  37.5194294  513.9207 1.0004226
A[15]        4.608528e-01   0.6486960  601.4111 1.0021082
A[16]        2.907472e+00   6.6510321  435.5641 1.0058184
A[17]        1.131915e+00   1.7171544  506.5175 1.0026329
A[18]        7.688921e-01   1.0860522  501.8343 1.0029514
A[19]        5.438361e+00   6.5238023 1347.8756 1.0004813
A[20]        3.194799e+01  47.2685682  497.8173 1.0006353
A[21]        2.039513e+01  26.7389215 1044.5859 1.0017462
A[22]        2.549850e+00   3.4787661  534.9221 1.0007227
A[23]        1.194528e+00   1.3709095 1246.0191 1.0024555
A[24]        1.087550e+00   1.4207165  456.1069 1.0003116
A[25]        7.713964e-01   1.1851163  624.5607 1.0042812
B[1]         7.705566e-01   0.9320837 1255.6280 0.9998698
B[2]         7.988951e+00   9.4172112  642.9614 0.9997579
B[3]         5.128998e+00   7.5284439  495.0140 1.0053650
B[4]         7.241880e+00   8.5570946  879.4117 1.0006663
B[5]         1.056493e+01  12.5973307  968.8460 1.0010173
B[6]         8.093179e+00  10.1968591  837.1783 0.9997430
B[7]         8.131358e+00  10.2687702  598.0840 1.0017221
B[8]         4.470154e+00   5.5386066  677.9056 1.0021536
B[9]         2.385785e+01  32.3655435  716.9701 0.9999183
B[10]        5.034579e+00   5.5842349 1738.1538 1.0015954
B[11]        5.187925e+00   6.5666277  617.4317 1.0039425
B[12]        2.829251e+00   3.2404640 2080.2767 0.9997358
B[13]        1.167987e+01  15.9471271  533.9589 1.0006993
B[14]        2.341918e+01  32.0561840  554.1722 1.0001393
B[15]        3.737825e+00   4.6827514 1441.5893 1.0001956
 [ reached getOption("max.print") -- omitted 39 rows ]

WAIC and LOOIC Results:
WAIC: -34.06105 
LOOIC: -34.0583 
EAIC: -14.65726 
EBIC: -2.468502 
