Summary Results:
                   mean      se_mean         sd         2.5%         25%         50%
alpha         4.3565082 0.0238571833 0.73751255   2.93470910   3.8672317   4.3234201
delta         1.6430970 0.0012264747 0.05115493   1.54187353   1.6086817   1.6442611
beta[1]      -7.3911881 0.0371889305 1.08639480  -9.55620036  -8.1053493  -7.3334076
beta[2]       8.5903797 0.0175505686 0.60831543   7.41307261   8.1809003   8.5867125
beta[3]      -7.3656733 0.0308195285 0.95395044  -9.22643422  -7.9896449  -7.3866691
beta[4]      -2.2167510 0.0211414016 0.66531396  -3.55729819  -2.6546275  -2.1943074
mu[1]         0.4974039 0.0004950595 0.02194204   0.45518839   0.4816619   0.4969063
mu[2]         0.4289919 0.0002158490 0.00916118   0.41068543   0.4229119   0.4290352
mu[3]         0.7937504 0.0005923916 0.01778383   0.75769560   0.7822853   0.7941741
mu[4]         0.2915970 0.0002705572 0.01241919   0.26755185   0.2829284   0.2913610
mu[5]         0.6671413 0.0002568421 0.01203546   0.64249943   0.6592529   0.6675031
mu[6]         0.4892934 0.0004610441 0.01923679   0.45093724   0.4762766   0.4892355
mu[7]         0.2400523 0.0003048963 0.01158872   0.21765839   0.2321595   0.2397396
mu[8]         0.6564774 0.0004102027 0.01532188   0.62620271   0.6460793   0.6564569
mu[9]         0.6830342 0.0004196020 0.01762047   0.64718497   0.6714068   0.6833129
mu[10]        0.5460238 0.0002568012 0.01178769   0.52256964   0.5380462   0.5463085
mu[11]        0.3024837 0.0004848247 0.01613098   0.27139053   0.2912441   0.3021308
mu[12]        0.5099597 0.0003670076 0.01440056   0.48158117   0.5001246   0.5099056
mu[13]        0.2701264 0.0004123916 0.01317823   0.24442275   0.2612475   0.2698717
mu[14]        0.4213091 0.0005060780 0.01613309   0.38911011   0.4102295   0.4212146
mu[15]        0.1874450 0.0003392574 0.01452972   0.16044840   0.1773015   0.1870165
mu[16]        0.1113855 0.0004457657 0.01471850   0.08412233   0.1012999   0.1104123
mu[17]        0.2721008 0.0005097958 0.01836827   0.23593049   0.2599947   0.2722573
mu[18]        0.2864063 0.0003944967 0.01576240   0.25644729   0.2757451   0.2862074
mu[19]        0.5850386 0.0003884233 0.01539955   0.55558221   0.5745555   0.5848798
mu[20]        0.3687317 0.0005311485 0.01591069   0.33722459   0.3582207   0.3687458
mu[21]        0.7422938 0.0003135454 0.01460198   0.71228717   0.7326872   0.7423424
mu[22]        0.4162430 0.0004682323 0.01851308   0.38065267   0.4035389   0.4158845
mu[23]        0.3754735 0.0003524349 0.01450842   0.34652210   0.3656905   0.3756969
mu[24]        0.4557547 0.0003820308 0.01453156   0.42731376   0.4461004   0.4552174
mu[25]        0.2463951 0.0005202132 0.01978882   0.20900285   0.2328766   0.2453445
phi[1]        5.1779191 0.0062698057 0.26454163   4.67333899   4.9962202   5.1771829
phi[2]        5.1779191 0.0062698057 0.26454163   4.67333899   4.9962202   5.1771829
phi[3]        5.1779191 0.0062698057 0.26454163   4.67333899   4.9962202   5.1771829
phi[4]        5.1779191 0.0062698057 0.26454163   4.67333899   4.9962202   5.1771829
phi[5]        5.1779191 0.0062698057 0.26454163   4.67333899   4.9962202   5.1771829
phi[6]        5.1779191 0.0062698057 0.26454163   4.67333899   4.9962202   5.1771829
phi[7]        5.1779191 0.0062698057 0.26454163   4.67333899   4.9962202   5.1771829
phi[8]        5.1779191 0.0062698057 0.26454163   4.67333899   4.9962202   5.1771829
phi[9]        5.1779191 0.0062698057 0.26454163   4.67333899   4.9962202   5.1771829
phi[10]       5.1779191 0.0062698057 0.26454163   4.67333899   4.9962202   5.1771829
phi[11]       5.1779191 0.0062698057 0.26454163   4.67333899   4.9962202   5.1771829
phi[12]       5.1779191 0.0062698057 0.26454163   4.67333899   4.9962202   5.1771829
phi[13]       5.1779191 0.0062698057 0.26454163   4.67333899   4.9962202   5.1771829
phi[14]       5.1779191 0.0062698057 0.26454163   4.67333899   4.9962202   5.1771829
phi[15]       5.1779191 0.0062698057 0.26454163   4.67333899   4.9962202   5.1771829
phi[16]       5.1779191 0.0062698057 0.26454163   4.67333899   4.9962202   5.1771829
phi[17]       5.1779191 0.0062698057 0.26454163   4.67333899   4.9962202   5.1771829
phi[18]       5.1779191 0.0062698057 0.26454163   4.67333899   4.9962202   5.1771829
phi[19]       5.1779191 0.0062698057 0.26454163   4.67333899   4.9962202   5.1771829
phi[20]       5.1779191 0.0062698057 0.26454163   4.67333899   4.9962202   5.1771829
phi[21]       5.1779191 0.0062698057 0.26454163   4.67333899   4.9962202   5.1771829
phi[22]       5.1779191 0.0062698057 0.26454163   4.67333899   4.9962202   5.1771829
phi[23]       5.1779191 0.0062698057 0.26454163   4.67333899   4.9962202   5.1771829
phi[24]       5.1779191 0.0062698057 0.26454163   4.67333899   4.9962202   5.1771829
phi[25]       5.1779191 0.0062698057 0.26454163   4.67333899   4.9962202   5.1771829
A[1]          2.5753482 0.0041647634 0.17102896   2.25028053   2.4589867   2.5729065
A[2]          2.2210112 0.0025908911 0.11790122   1.99530970   2.1415873   2.2203598
A[3]          4.1107116 0.0068178889 0.24209944   3.63975613   3.9449949   4.1055578
A[4]          1.5093483 0.0019013656 0.09238985   1.33790135   1.4449541   1.5084416
A[5]          3.4548287 0.0046206882 0.19481895   3.08702587   3.3209288   3.4500864
A[6]          2.5333347 0.0037042853 0.16018606   2.22424754   2.4245857   2.5357009
A[7]          1.2423366 0.0018089291 0.07787604   1.09947505   1.1879467   1.2406437
A[8]          3.3997021 0.0053542999 0.19986908   3.02348079   3.2587518   3.3956585
A[9]          3.5370969 0.0048125927 0.20929660   3.13884223   3.3948427   3.5354379
A[10]         2.8273334 0.0039289574 0.15785512   2.52780571   2.7207136   2.8242981
A[11]         1.5656873 0.0029048655 0.10798024   1.36103384   1.4919365   1.5657523
A[12]         2.6405557 0.0038924830 0.15442092   2.33428870   2.5360362   2.6377525
A[13]         1.3980032 0.0021754233 0.08848849   1.23288496   1.3377365   1.3955456
A[14]         2.1811966 0.0031653700 0.13451669   1.93140232   2.0898545   2.1781475
A[15]         0.9699628 0.0019854356 0.08309566   0.81602760   0.9108291   0.9669744
A[16]         0.5760006 0.0021944915 0.07621784   0.43837053   0.5222237   0.5710426
A[17]         1.4083601 0.0031133335 0.11228817   1.19661853   1.3297501   1.4087437
A[18]         1.4825104 0.0027001661 0.10472288   1.28781242   1.4091036   1.4780746
A[19]         3.0295156 0.0042569730 0.17796335   2.68154178   2.9111730   3.0265303
A[20]         1.9087624 0.0030079521 0.12001306   1.67611504   1.8276662   1.9054084
A[21]         3.8441785 0.0052458274 0.22189076   3.41800949   3.6891160   3.8387283
A[22]         2.1549632 0.0036996188 0.14113907   1.88145783   2.0582156   2.1529116
A[23]         1.9438448 0.0029479558 0.11927459   1.71130979   1.8640921   1.9435276
A[24]         2.3597798 0.0038368555 0.14067798   2.08612567   2.2659831   2.3566473
A[25]         1.2750722 0.0028679938 0.11325746   1.06275468   1.1969473   1.2703407
B[1]          2.6025709 0.0040413762 0.17759580   2.25981035   2.4775711   2.6014566
B[2]          2.9569079 0.0041756456 0.16332617   2.63545614   2.8438639   2.9561662
B[3]          1.0672075 0.0030746723 0.09947819   0.88139826   0.9998540   1.0644652
B[4]          3.6685708 0.0052195805 0.20740572   3.27540942   3.5248057   3.6709722
B[5]          1.7230905 0.0022779047 0.10077398   1.52747417   1.6542166   1.7216605
B[6]          2.6445845 0.0042805730 0.17065034   2.31864277   2.5267043   2.6434185
B[7]          3.9355826 0.0057896543 0.22131496   3.51641408   3.7804976   3.9378414
B[8]          1.7782170 0.0025491480 0.11281168   1.56817639   1.6986863   1.7769248
B[9]          1.6408223 0.0030230188 0.11832362   1.41332798   1.5577286   1.6411598
B[10]         2.3505858 0.0030532753 0.13353209   2.09058381   2.2578132   2.3476568
B[11]         3.6122319 0.0056349484 0.21207500   3.21267933   3.4653396   3.6142953
B[12]         2.5373635 0.0035190620 0.14912172   2.25787247   2.4363869   2.5368727
B[13]         3.7799159 0.0059260570 0.21708846   3.35861758   3.6311803   3.7814876
B[14]         2.9967225 0.0050733248 0.17951254   2.64208450   2.8717256   2.9957154
B[15]         4.2079563 0.0054881890 0.23867338   3.75363694   4.0439274   4.2081386
B[16]         4.6019185 0.0069801343 0.26072019   4.09459891   4.4236514   4.5970854
B[17]         3.7695590 0.0051347588 0.22423556   3.32913442   3.6155683   3.7643476
B[18]         3.6954087 0.0048133940 0.21399811   3.28780977   3.5457070   3.6937393
B[19]         2.1484036 0.0031535569 0.13184631   1.89954455   2.0565242   2.1502670
                    75%        97.5%     n_eff      Rhat
alpha         4.8580379   5.84361116  955.6536 0.9997019
delta         1.6767529   1.74237172 1739.6336 1.0002280
beta[1]      -6.6789575  -5.29379118  853.3908 0.9996485
beta[2]       8.9791998   9.82373765 1201.3658 0.9996321
beta[3]      -6.7140738  -5.46317869  958.0753 0.9996008
beta[4]      -1.7670778  -0.93534053  990.3432 0.9998533
mu[1]         0.5122643   0.54143417 1964.4414 0.9999726
mu[2]         0.4352581   0.44701052 1801.3694 0.9997223
mu[3]         0.8055220   0.82790328  901.2243 0.9998304
mu[4]         0.2999908   0.31609539 2107.0194 0.9998072
mu[5]         0.6752608   0.69037474 2195.8014 1.0004959
mu[6]         0.5025718   0.52583985 1740.9262 0.9997335
mu[7]         0.2479598   0.26256012 1444.6623 0.9998685
mu[8]         0.6668537   0.68627737 1395.1698 0.9999303
mu[9]         0.6951319   0.71593050 1763.4357 1.0000865
mu[10]        0.5539870   0.56882744 2106.9938 1.0001170
mu[11]        0.3134676   0.33422930 1107.0116 0.9996001
mu[12]        0.5195654   0.53812029 1539.6024 0.9999379
mu[13]        0.2787947   0.29587496 1021.1624 0.9996323
mu[14]        0.4318783   0.45402458 1016.2490 0.9996433
mu[15]        0.1970741   0.21641916 1834.2384 1.0001749
mu[16]        0.1210569   0.14180678 1090.2193 0.9996065
mu[17]        0.2841090   0.30872202 1298.2080 0.9997827
mu[18]        0.2966745   0.31831679 1596.4608 0.9999349
mu[19]        0.5955572   0.61414772 1571.8305 1.0001773
mu[20]        0.3789976   0.40000882  897.3173 0.9996150
mu[21]        0.7516721   0.77048576 2168.8162 1.0001276
mu[22]        0.4282803   0.45336141 1563.2721 0.9996274
mu[23]        0.3849242   0.40459371 1694.6608 0.9996014
mu[24]        0.4655833   0.48472573 1446.8642 0.9996334
mu[25]        0.2593846   0.28681361 1447.0281 0.9996397
phi[1]        5.3481620   5.71087251 1780.2455 1.0003472
phi[2]        5.3481620   5.71087251 1780.2455 1.0003472
phi[3]        5.3481620   5.71087251 1780.2455 1.0003472
phi[4]        5.3481620   5.71087251 1780.2455 1.0003472
phi[5]        5.3481620   5.71087251 1780.2455 1.0003472
phi[6]        5.3481620   5.71087251 1780.2455 1.0003472
phi[7]        5.3481620   5.71087251 1780.2455 1.0003472
phi[8]        5.3481620   5.71087251 1780.2455 1.0003472
phi[9]        5.3481620   5.71087251 1780.2455 1.0003472
phi[10]       5.3481620   5.71087251 1780.2455 1.0003472
phi[11]       5.3481620   5.71087251 1780.2455 1.0003472
phi[12]       5.3481620   5.71087251 1780.2455 1.0003472
phi[13]       5.3481620   5.71087251 1780.2455 1.0003472
phi[14]       5.3481620   5.71087251 1780.2455 1.0003472
phi[15]       5.3481620   5.71087251 1780.2455 1.0003472
phi[16]       5.3481620   5.71087251 1780.2455 1.0003472
phi[17]       5.3481620   5.71087251 1780.2455 1.0003472
phi[18]       5.3481620   5.71087251 1780.2455 1.0003472
phi[19]       5.3481620   5.71087251 1780.2455 1.0003472
phi[20]       5.3481620   5.71087251 1780.2455 1.0003472
phi[21]       5.3481620   5.71087251 1780.2455 1.0003472
phi[22]       5.3481620   5.71087251 1780.2455 1.0003472
phi[23]       5.3481620   5.71087251 1780.2455 1.0003472
phi[24]       5.3481620   5.71087251 1780.2455 1.0003472
phi[25]       5.3481620   5.71087251 1780.2455 1.0003472
A[1]          2.6911804   2.91165627 1686.3923 0.9996650
A[2]          2.2982454   2.45746214 2070.8006 1.0000719
A[3]          4.2699409   4.58856702 1260.9206 0.9999026
A[4]          1.5675604   1.69898057 2361.1159 1.0006922
A[5]          3.5829570   3.83979833 1777.6615 0.9998295
A[6]          2.6392891   2.85677216 1869.9955 0.9997946
A[7]          1.2953181   1.39899052 1853.3807 1.0008343
A[8]          3.5349980   3.79243282 1393.4322 0.9998776
A[9]          3.6735097   3.95317445 1891.3249 0.9997895
A[10]         2.9337969   3.14200150 1614.2199 0.9998486
A[11]         1.6367112   1.78396139 1381.7725 1.0000896
A[12]         2.7456214   2.94996051 1573.8337 0.9998498
A[13]         1.4547671   1.57578419 1654.5732 1.0002827
A[14]         2.2668862   2.45998784 1805.9402 0.9999718
A[15]         1.0280044   1.13534241 1751.6408 1.0009304
A[16]         0.6262298   0.73232392 1206.2726 0.9996805
A[17]         1.4869291   1.62839186 1300.8186 1.0003206
A[18]         1.5562616   1.68982337 1504.1883 1.0006670
A[19]         3.1493085   3.38834012 1747.6698 0.9997938
A[20]         1.9888283   2.15434620 1591.8978 0.9999883
A[21]         3.9877572   4.28194059 1789.1651 0.9998792
A[22]         2.2501309   2.44372405 1455.3939 0.9998703
A[23]         2.0225527   2.18277773 1637.0197 1.0001241
A[24]         2.4556502   2.63967390 1344.3159 1.0000123
A[25]         1.3522594   1.50232559 1559.4706 0.9997110
B[1]          2.7206442   2.95999160 1931.1092 1.0006857
B[2]          3.0700932   3.26995547 1529.9044 1.0004175
B[3]          1.1315270   1.27673128 1046.7864 1.0005210
B[4]          3.8058524   4.08645968 1578.9568 1.0000057
B[5]          1.7914502   1.92655128 1957.1571 1.0014042
B[6]          2.7569300   2.98369243 1589.3169 1.0004572
B[7]          4.0800047   4.37347158 1461.2222 1.0000125
B[8]          1.8545378   2.00525090 1958.4749 1.0007957
B[9]          1.7190580   1.89044793 1532.0085 1.0009514
B[10]         2.4402998   2.62028695 1912.6670 1.0008613
B[11]         3.7512248   4.03791911 1416.4428 1.0001211
B[12]         2.6362530   2.83742588 1795.6758 1.0006320
B[13]         3.9224738   4.20617684 1341.9670 1.0001134
B[14]         3.1166418   3.34919068 1251.9997 1.0002672
B[15]         4.3684702   4.68989966 1891.2540 0.9999097
B[16]         4.7783819   5.12100621 1395.1528 1.0002305
B[17]         3.9182461   4.21344431 1907.0798 0.9999535
B[18]         3.8361457   4.11957208 1976.5920 0.9999170
B[19]         2.2367407   2.41121866 1747.9725 1.0008999
 [ reached getOption("max.print") -- omitted 35 rows ]

WAIC and LOOIC Results:
WAIC: -18.09462 
LOOIC: -18.09367 
EAIC: -6.321616 
EBIC: 0.9916387 
