Summary Results:
                     mean      se_mean         sd         2.5%          25%           50%
alpha        -0.396904280 0.0016354700 0.05138800  -0.49996376  -0.42925151  -0.396062480
delta        11.057193657 0.0456020294 1.25204865   8.66198128  10.20573187  11.062378798
epsilon[1]   -8.859463284 0.0621262705 1.67431935 -12.07859368  -9.95455677  -8.913248819
epsilon[2]   -6.936078123 0.0220769273 0.68516493  -8.24504475  -7.41289096  -6.918248719
epsilon[3]    3.214150387 0.0570122520 1.51113944   0.21864346   2.21459176   3.220125016
epsilon[4]    1.206301655 0.0303254830 0.95887864  -0.62093639   0.57606037   1.191176326
mu[1]         0.402118413 0.0003923983 0.01234722   0.37754918   0.39430508   0.402258738
mu[2]         0.402118413 0.0003923983 0.01234722   0.37754918   0.39430508   0.402258738
mu[3]         0.402118413 0.0003923983 0.01234722   0.37754918   0.39430508   0.402258738
mu[4]         0.402118413 0.0003923983 0.01234722   0.37754918   0.39430508   0.402258738
mu[5]         0.402118413 0.0003923983 0.01234722   0.37754918   0.39430508   0.402258738
mu[6]         0.402118413 0.0003923983 0.01234722   0.37754918   0.39430508   0.402258738
mu[7]         0.402118413 0.0003923983 0.01234722   0.37754918   0.39430508   0.402258738
mu[8]         0.402118413 0.0003923983 0.01234722   0.37754918   0.39430508   0.402258738
mu[9]         0.402118413 0.0003923983 0.01234722   0.37754918   0.39430508   0.402258738
mu[10]        0.402118413 0.0003923983 0.01234722   0.37754918   0.39430508   0.402258738
mu[11]        0.402118413 0.0003923983 0.01234722   0.37754918   0.39430508   0.402258738
mu[12]        0.402118413 0.0003923983 0.01234722   0.37754918   0.39430508   0.402258738
mu[13]        0.402118413 0.0003923983 0.01234722   0.37754918   0.39430508   0.402258738
mu[14]        0.402118413 0.0003923983 0.01234722   0.37754918   0.39430508   0.402258738
mu[15]        0.402118413 0.0003923983 0.01234722   0.37754918   0.39430508   0.402258738
mu[16]        0.402118413 0.0003923983 0.01234722   0.37754918   0.39430508   0.402258738
mu[17]        0.402118413 0.0003923983 0.01234722   0.37754918   0.39430508   0.402258738
mu[18]        0.402118413 0.0003923983 0.01234722   0.37754918   0.39430508   0.402258738
mu[19]        0.402118413 0.0003923983 0.01234722   0.37754918   0.39430508   0.402258738
mu[20]        0.402118413 0.0003923983 0.01234722   0.37754918   0.39430508   0.402258738
mu[21]        0.402118413 0.0003923983 0.01234722   0.37754918   0.39430508   0.402258738
mu[22]        0.402118413 0.0003923983 0.01234722   0.37754918   0.39430508   0.402258738
mu[23]        0.402118413 0.0003923983 0.01234722   0.37754918   0.39430508   0.402258738
mu[24]        0.402118413 0.0003923983 0.01234722   0.37754918   0.39430508   0.402258738
mu[25]        0.402118413 0.0003923983 0.01234722   0.37754918   0.39430508   0.402258738
phi[1]       15.049211344 0.0600935123 2.15812427  11.25144341  13.58350408  14.907456336
phi[2]        2.976337783 0.0036985808 0.16852853   2.66466451   2.86121514   2.975084433
phi[3]        3.820492343 0.0227543802 0.62636287   2.73753415   3.38301283   3.773974753
phi[4]        1.556409213 0.0047298174 0.15802333   1.26270597   1.44528477   1.548271930
phi[5]        2.717223825 0.0063328611 0.22135474   2.30741768   2.56011727   2.712596651
phi[6]        5.377385642 0.0192159732 0.70518266   4.08317940   4.87436229   5.341806041
phi[7]        1.735858025 0.0061490647 0.18737975   1.39149268   1.60087529   1.724012017
phi[8]        2.495846754 0.0064298262 0.22791230   2.07099767   2.33676329   2.488523868
phi[9]        2.442259649 0.0096510766 0.31263823   1.88474388   2.22002484   2.429207371
phi[10]       4.611103102 0.0103032424 0.37992607   3.90952626   4.34312874   4.598800304
phi[11]       1.897543540 0.0090585084 0.26556577   1.42607343   1.71180596   1.884541389
phi[12]       3.367078360 0.0085975083 0.30509794   2.79546613   3.16013458   3.348030987
phi[13]       2.980311787 0.0090891751 0.28867053   2.47834953   2.77986912   2.963406034
phi[14]       1.463072364 0.0055653911 0.15996918   1.16974245   1.35029252   1.456825156
phi[15]       2.077590238 0.0051396905 0.24458205   1.61728948   1.91188603   2.065538839
phi[16]      14.240737160 0.0924357518 2.55056820  10.08947974  12.36596931  13.945217044
phi[17]       4.508071584 0.0156870248 0.58183269   3.44621297   4.10306210   4.470903995
phi[18]       2.302156939 0.0043460787 0.21020465   1.88984547   2.15987082   2.299144684
phi[19]       2.768414048 0.0070836683 0.26641932   2.26377880   2.59217081   2.761238566
phi[20]       2.206634429 0.0078447108 0.22665415   1.80329475   2.04434233   2.195705706
phi[21]       1.355739563 0.0033418387 0.14043537   1.10514805   1.25697692   1.346904334
phi[22]       9.433680564 0.0371965837 1.26540867   7.19331226   8.52805057   9.362943066
phi[23]       2.498983499 0.0076592413 0.26550740   2.00861641   2.32064450   2.480271049
phi[24]       3.902760957 0.0102531184 0.33898947   3.26001347   3.67130914   3.891988798
phi[25]      15.773088105 0.0788680200 2.38669290  11.66143310  14.15577610  15.552648624
A[1]          6.051919758 0.0255099532 0.88993685   4.48720683   5.44177863   5.987040616
A[2]          1.196628314 0.0018158174 0.07364560   1.05829213   1.14523567   1.196894549
A[3]          1.540359785 0.0104906335 0.28075762   1.06196310   1.33937153   1.516650544
A[4]          0.625018607 0.0014774410 0.05773851   0.51982317   0.58418496   0.622483856
A[5]          1.093885956 0.0035081337 0.10860633   0.89436625   1.01743420   1.091671762
A[6]          2.164577093 0.0093307527 0.30834518   1.62235501   1.94717788   2.148601488
A[7]          0.696882182 0.0019770637 0.06715957   0.57644163   0.64905488   0.693803326
A[8]          1.004165822 0.0030095429 0.10220686   0.80930175   0.93202898   0.999740408
A[9]          0.983746679 0.0046183867 0.14181553   0.73082713   0.88158580   0.978714200
A[10]         1.855522719 0.0056222134 0.17764732   1.53098761   1.73081274   1.850557603
A[11]         0.761376749 0.0029435740 0.09676647   0.59248843   0.69246189   0.756508444
A[12]         1.353005005 0.0031148494 0.11905296   1.13068072   1.27133882   1.348057244
A[13]         1.197386544 0.0033538329 0.11062166   1.00164198   1.12000662   1.192209714
A[14]         0.587938048 0.0020806249 0.06316388   0.47261163   0.54457304   0.585250101
A[15]         0.834545814 0.0019692719 0.09395457   0.65507241   0.77115995   0.831950059
A[16]         5.705402408 0.0311589667 0.90916917   4.18415676   5.04592806   5.615683329
A[17]         1.812968337 0.0071284543 0.24270329   1.37276840   1.64602875   1.794732342
A[18]         0.925265787 0.0018852727 0.08414539   0.76600859   0.86697420   0.925081092
A[19]         1.112740081 0.0026508000 0.10761759   0.91334229   1.03991649   1.107719697
A[20]         0.886901954 0.0030165249 0.09084071   0.71962248   0.82560174   0.882679136
A[21]         0.545701918 0.0016029077 0.06378344   0.43315070   0.49988423   0.541911082
A[22]         3.795162171 0.0167172035 0.53534728   2.86106120   3.41390322   3.755758157
A[23]         1.003431492 0.0025076921 0.09688554   0.82574221   0.93594640   0.998913906
A[24]         1.568622291 0.0040947994 0.13596843   1.31490749   1.47527952   1.566298517
A[25]         6.328755365 0.0278562691 0.87941041   4.77105654   5.74016305   6.255528582
B[1]          8.997291586 0.0361863909 1.30178039   6.73828470   8.09282198   8.895176348
B[2]          1.779709469 0.0026269491 0.11084625   1.57914208   1.70520606   1.778120162
B[3]          2.280132558 0.0124000080 0.35092097   1.65644245   2.03368538   2.256023635
B[4]          0.931390606 0.0033581238 0.10443662   0.74243006   0.85864877   0.924938286
B[5]          1.623337870 0.0030048340 0.12074049   1.39598950   1.53821708   1.621557571
B[6]          3.212808549 0.0104263214 0.40887573   2.45805934   2.92313618   3.197166203
B[7]          1.038975843 0.0042793432 0.12431124   0.81313142   0.95205894   1.029047503
B[8]          1.491680933 0.0036441041 0.13377884   1.24590045   1.39966925   1.489941441
B[9]          1.458512970 0.0051795342 0.17565578   1.14216236   1.33109543   1.450071117
B[10]         2.755580384 0.0050901980 0.21795965   2.35919079   2.60341690   2.752442431
B[11]         1.136166790 0.0061568114 0.17219171   0.82507754   1.01717848   1.126303334
B[12]         2.014073355 0.0058390536 0.19723867   1.64839727   1.88206795   2.003433985
B[13]         1.782925243 0.0059876462 0.18719898   1.45392359   1.65331249   1.771834798
B[14]         0.875134316 0.0036381909 0.10093255   0.69625520   0.80318820   0.870892603
B[15]         1.243044424 0.0033510030 0.15594511   0.95437395   1.13794728   1.235254342
B[16]         8.535334752 0.0610862281 1.65621999   5.84082531   7.32885991   8.334173990
B[17]         2.695103246 0.0088815611 0.35029197   2.05441785   2.45054023   2.676730866
B[18]         1.376891152 0.0027947069 0.13389835   1.12235098   1.28664731   1.374881031
B[19]         1.655673967 0.0047169150 0.16773054   1.33187787   1.54238826   1.651113121
                     75%        97.5%     n_eff      Rhat
alpha        -0.36386640  -0.29561071  987.2752 1.0007241
delta        11.89948386  13.56060255  753.8311 0.9998021
epsilon[1]   -7.71753369  -5.60396117  726.3167 0.9999179
epsilon[2]   -6.44747279  -5.64591799  963.1923 1.0007536
epsilon[3]    4.22468675   6.17646199  702.5426 1.0003190
epsilon[4]    1.83063790   3.14157109  999.7970 0.9996603
mu[1]         0.41002394   0.42663083  990.1114 1.0007160
mu[2]         0.41002394   0.42663083  990.1114 1.0007160
mu[3]         0.41002394   0.42663083  990.1114 1.0007160
mu[4]         0.41002394   0.42663083  990.1114 1.0007160
mu[5]         0.41002394   0.42663083  990.1114 1.0007160
mu[6]         0.41002394   0.42663083  990.1114 1.0007160
mu[7]         0.41002394   0.42663083  990.1114 1.0007160
mu[8]         0.41002394   0.42663083  990.1114 1.0007160
mu[9]         0.41002394   0.42663083  990.1114 1.0007160
mu[10]        0.41002394   0.42663083  990.1114 1.0007160
mu[11]        0.41002394   0.42663083  990.1114 1.0007160
mu[12]        0.41002394   0.42663083  990.1114 1.0007160
mu[13]        0.41002394   0.42663083  990.1114 1.0007160
mu[14]        0.41002394   0.42663083  990.1114 1.0007160
mu[15]        0.41002394   0.42663083  990.1114 1.0007160
mu[16]        0.41002394   0.42663083  990.1114 1.0007160
mu[17]        0.41002394   0.42663083  990.1114 1.0007160
mu[18]        0.41002394   0.42663083  990.1114 1.0007160
mu[19]        0.41002394   0.42663083  990.1114 1.0007160
mu[20]        0.41002394   0.42663083  990.1114 1.0007160
mu[21]        0.41002394   0.42663083  990.1114 1.0007160
mu[22]        0.41002394   0.42663083  990.1114 1.0007160
mu[23]        0.41002394   0.42663083  990.1114 1.0007160
mu[24]        0.41002394   0.42663083  990.1114 1.0007160
mu[25]        0.41002394   0.42663083  990.1114 1.0007160
phi[1]       16.35907903  19.64657335 1289.7268 0.9996004
phi[2]        3.08504306   3.32734758 2076.2355 1.0005851
phi[3]        4.22464367   5.19522250  757.7431 1.0001457
phi[4]        1.65588316   1.88385448 1116.2300 0.9996687
phi[5]        2.86489692   3.17900860 1221.7370 1.0030847
phi[6]        5.82358729   6.86440134 1346.7236 1.0003562
phi[7]        1.85846708   2.12301597  928.5968 0.9996953
phi[8]        2.63855990   2.97793742 1256.4264 1.0000030
phi[9]        2.64858968   3.07591497 1049.3796 1.0027226
phi[10]       4.85434468   5.40784761 1359.7227 1.0005755
phi[11]       2.06972057   2.44765378  859.4702 0.9996842
phi[12]       3.55852498   4.01386506 1259.3120 0.9996015
phi[13]       3.16002888   3.59584559 1008.6859 0.9996978
phi[14]       1.56251721   1.81715349  826.1926 1.0004674
phi[15]       2.23766370   2.58643143 2264.5151 1.0004105
phi[16]      15.86269704  19.77898109  761.3668 1.0003354
phi[17]       4.87052338   5.76260369 1375.6725 0.9998804
phi[18]       2.44106999   2.72850293 2339.3191 1.0000981
phi[19]       2.94061216   3.31145663 1414.5392 0.9999112
phi[20]       2.34883570   2.68306527  834.7828 1.0004892
phi[21]       1.44577979   1.65549114 1765.9647 1.0023005
phi[22]      10.23242233  11.99879245 1157.3254 0.9996250
phi[23]       2.67202027   3.04504274 1201.6604 0.9998250
phi[24]       4.10807927   4.63777126 1093.1015 0.9998186
phi[25]      17.16583072  21.09312157  915.7801 1.0006601
A[1]          6.61184713   7.99299474 1217.0238 0.9996468
A[2]          1.24463170   1.34823317 1644.9368 1.0016741
A[3]          1.72229667   2.16134225  716.2418 1.0003178
A[4]          0.66301377   0.74304390 1527.2524 0.9996038
A[5]          1.16553189   1.32260514  958.4248 1.0030379
A[6]          2.35709274   2.81330600 1092.0461 1.0006450
A[7]          0.74204019   0.83517846 1153.9167 0.9996001
A[8]          1.07032472   1.21952932 1153.3445 1.0004093
A[9]          1.07446028   1.27685213  942.9030 1.0027728
A[10]         1.96920115   2.23131485  998.3956 1.0010231
A[11]         0.82267568   0.96430909 1080.6869 0.9996037
A[12]         1.42976119   1.61641424 1460.8523 0.9997825
A[13]         1.26569523   1.42573038 1087.9213 1.0000518
A[14]         0.62839602   0.72216545  921.6159 1.0011300
A[15]         0.89330718   1.03392648 2276.2734 1.0000185
A[16]         6.29786398   7.65245933  851.3797 1.0001520
A[17]         1.95658425   2.34588064 1159.2059 0.9996678
A[18]         0.97917855   1.10011387 1992.1052 0.9997169
A[19]         1.18153473   1.34527698 1648.2104 1.0004107
A[20]         0.94252769   1.07739592  906.8746 1.0011621
A[21]         0.58783051   0.68052593 1583.4299 1.0025846
A[22]         4.12439348   4.92699096 1025.5196 0.9996083
A[23]         1.06659358   1.21315961 1492.6897 0.9996294
A[24]         1.65152696   1.85898105 1102.5820 0.9996047
A[25]         6.85979403   8.25122130  996.6377 1.0003343
B[1]          9.78613725  11.76990131 1294.1509 0.9996343
B[2]          1.84883965   2.01033491 1780.4865 0.9999051
B[3]          2.50410177   3.03417647  800.8934 1.0000104
B[4]          0.99931068   1.15110940  967.1909 0.9997859
B[5]          1.70397158   1.87481751 1614.5999 1.0026776
B[6]          3.47600589   4.06318579 1537.8729 1.0001313
B[7]          1.11743754   1.30815600  843.8526 0.9998109
B[8]          1.57739458   1.77225679 1347.7002 0.9997554
B[9]          1.57221375   1.81114315 1150.1209 1.0025138
B[10]         2.89947575   3.19051835 1833.5081 1.0001615
B[11]         1.24825130   1.49467590  782.1909 0.9997705
B[12]         2.14010675   2.42186622 1141.0356 0.9996386
B[13]         1.90151889   2.18781919  977.4503 0.9996072
B[14]         0.93716136   1.09074349  769.6468 1.0000929
B[15]         1.34324252   1.57197571 2165.6782 1.0006451
B[16]         9.56267280  12.13647267  735.1051 1.0004331
B[17]         2.91396828   3.43787285 1555.5420 1.0000888
B[18]         1.46605423   1.64493460 2295.5032 1.0003976
B[19]         1.76152759   1.99635508 1264.4690 0.9996951
 [ reached getOption("max.print") -- omitted 35 rows ]

WAIC and LOOIC Results:
WAIC: -8.118226 
LOOIC: -8.117426 
EAIC: 3.713028 
EBIC: 11.02628 
