Summary Results:
                   mean      se_mean           sd         2.5%          25%         50%
alpha        -0.9610386 0.0005900297  0.020796464  -1.00025554  -0.97510086  -0.9622314
delta       -11.6844337 0.0349256763  1.180243796 -13.96122355 -12.48019509 -11.6683944
epsilon[1]   33.3103442 0.0415986775  1.480413195  30.35120180  32.28669566  33.3372550
epsilon[2]   -0.1729524 0.0302476035  1.196835316  -2.39800848  -1.02835455  -0.1672925
epsilon[3]  -12.3005953 0.0476721106  1.682339541 -15.53236332 -13.42472400 -12.3187050
mu[1]         0.2766896 0.0001182526  0.004166414   0.26889118   0.27386496   0.2764317
mu[2]         0.2766896 0.0001182526  0.004166414   0.26889118   0.27386496   0.2764317
mu[3]         0.2766896 0.0001182526  0.004166414   0.26889118   0.27386496   0.2764317
mu[4]         0.2766896 0.0001182526  0.004166414   0.26889118   0.27386496   0.2764317
mu[5]         0.2766896 0.0001182526  0.004166414   0.26889118   0.27386496   0.2764317
mu[6]         0.2766896 0.0001182526  0.004166414   0.26889118   0.27386496   0.2764317
mu[7]         0.2766896 0.0001182526  0.004166414   0.26889118   0.27386496   0.2764317
mu[8]         0.2766896 0.0001182526  0.004166414   0.26889118   0.27386496   0.2764317
mu[9]         0.2766896 0.0001182526  0.004166414   0.26889118   0.27386496   0.2764317
mu[10]        0.2766896 0.0001182526  0.004166414   0.26889118   0.27386496   0.2764317
mu[11]        0.2766896 0.0001182526  0.004166414   0.26889118   0.27386496   0.2764317
mu[12]        0.2766896 0.0001182526  0.004166414   0.26889118   0.27386496   0.2764317
mu[13]        0.2766896 0.0001182526  0.004166414   0.26889118   0.27386496   0.2764317
mu[14]        0.2766896 0.0001182526  0.004166414   0.26889118   0.27386496   0.2764317
mu[15]        0.2766896 0.0001182526  0.004166414   0.26889118   0.27386496   0.2764317
mu[16]        0.2766896 0.0001182526  0.004166414   0.26889118   0.27386496   0.2764317
mu[17]        0.2766896 0.0001182526  0.004166414   0.26889118   0.27386496   0.2764317
mu[18]        0.2766896 0.0001182526  0.004166414   0.26889118   0.27386496   0.2764317
mu[19]        0.2766896 0.0001182526  0.004166414   0.26889118   0.27386496   0.2764317
mu[20]        0.2766896 0.0001182526  0.004166414   0.26889118   0.27386496   0.2764317
mu[21]        0.2766896 0.0001182526  0.004166414   0.26889118   0.27386496   0.2764317
mu[22]        0.2766896 0.0001182526  0.004166414   0.26889118   0.27386496   0.2764317
mu[23]        0.2766896 0.0001182526  0.004166414   0.26889118   0.27386496   0.2764317
mu[24]        0.2766896 0.0001182526  0.004166414   0.26889118   0.27386496   0.2764317
mu[25]        0.2766896 0.0001182526  0.004166414   0.26889118   0.27386496   0.2764317
mu[26]        0.2766896 0.0001182526  0.004166414   0.26889118   0.27386496   0.2764317
mu[27]        0.2766896 0.0001182526  0.004166414   0.26889118   0.27386496   0.2764317
phi[1]        1.3825969 0.0025941708  0.100900576   1.19283405   1.31468974   1.3829304
phi[2]        0.9859603 0.0020892582  0.077040925   0.84302463   0.93168973   0.9827930
phi[3]        1.2508960 0.0032930639  0.124116986   1.01993590   1.16485107   1.2461632
phi[4]        1.4831556 0.0027722125  0.111841379   1.27035537   1.40633818   1.4793103
phi[5]        1.3421027 0.0029908015  0.113621825   1.13041842   1.26363318   1.3387759
phi[6]        1.5862710 0.0033821189  0.137825978   1.33203164   1.49214721   1.5767055
phi[7]      288.2499177 1.6229797728 56.956559595 192.91651878 247.16477963 282.7893079
phi[8]        3.9992762 0.0157219276  0.558604466   2.98960106   3.60568016   3.9660346
phi[9]       22.3578718 0.0919469616  3.395544583  16.69786146  19.93179703  22.0856666
phi[10]       0.6009641 0.0020304070  0.075404663   0.46520025   0.54800943   0.5967842
phi[11]      24.4590704 0.0874416794  3.213811241  18.90669282  22.16116959  24.2444361
phi[12]      29.1434503 0.0871876096  3.226787499  23.34180717  26.93176860  28.9599085
phi[13]       5.4769830 0.0173257888  0.613073069   4.36135320   5.05901974   5.4406673
phi[14]       1.7035671 0.0029152473  0.114863522   1.48216523   1.62385063   1.7015353
phi[15]       1.4514182 0.0029777251  0.115565201   1.23110073   1.37200013   1.4494913
phi[16]      27.4717504 0.0794381655  2.907947798  22.26110570  25.47283151  27.3381229
phi[17]       0.9443874 0.0021636832  0.081299045   0.79492771   0.88840267   0.9419047
phi[18]       2.4262423 0.0051479314  0.197761504   2.05654695   2.29368239   2.4207015
phi[19]      55.4742804 0.1947457491  7.072088111  42.77010673  50.43793063  55.0187720
phi[20]       3.2549865 0.0088051402  0.345354463   2.61312844   3.02211845   3.2460820
phi[21]      51.3412315 0.1736244549  6.157437619  40.43103142  46.91991234  51.0269772
phi[22]       5.8019324 0.0120110164  0.470680276   4.92761802   5.47090501   5.7943427
phi[23]       5.4149848 0.0099238705  0.413174226   4.65138517   5.13468499   5.4119816
phi[24]      26.9979015 0.0903656618  3.159775207  21.23292158  24.75289702  26.9155200
phi[25]      49.4591407 0.2182521688  7.669138088  36.11219129  44.07023846  49.0083620
phi[26]       2.3460425 0.0030242576  0.135381165   2.08711592   2.25283229   2.3413981
phi[27]       4.0236408 0.0038257657  0.189552896   3.66885642   3.89632328   4.0225201
A[1]          0.3826812 0.0008220623  0.030217594   0.32707842   0.36244528   0.3820423
A[2]          0.2729025 0.0006622087  0.022899437   0.23177250   0.25697704   0.2720046
A[3]          0.3462777 0.0010046959  0.036379880   0.27998690   0.32111950   0.3445432
A[4]          0.4104081 0.0008425106  0.031983192   0.35024182   0.38878245   0.4103381
A[5]          0.3714960 0.0009391100  0.033633479   0.30980462   0.34868062   0.3700136
A[6]          0.4389261 0.0009890544  0.038945255   0.36701510   0.41156410   0.4368490
A[7]         79.6213154 0.4213300819 15.056397320  54.22896297  68.99624769  78.2411443
A[8]          1.1066746 0.0043824822  0.156363137   0.82589206   0.99732519   1.0948763
A[9]          6.1798163 0.0239267247  0.899386681   4.67931458   5.54759399   6.1071668
A[10]         0.1663279 0.0005934182  0.021389108   0.12737261   0.15133642   0.1652487
A[11]         6.7610506 0.0224222321  0.842624475   5.31558410   6.16380225   6.7081550
A[12]         8.0564841 0.0217443296  0.832611195   6.54681739   7.48775230   8.0155068
A[13]         1.5152431 0.0047478010  0.169570834   1.20887743   1.39528765   1.5058528
A[14]         0.4714300 0.0009043384  0.033554685   0.40755806   0.44834719   0.4704796
A[15]         0.4017413 0.0009377371  0.034331201   0.33687937   0.37837630   0.4008741
A[16]         7.5943784 0.0195937415  0.745139048   6.23114308   7.09804325   7.5612485
A[17]         0.2614069 0.0006667569  0.024024768   0.21823297   0.24491018   0.2603131
A[18]         0.6712766 0.0014747200  0.055145913   0.56899383   0.63435401   0.6698878
A[19]        15.3324138 0.0488669403  1.831244179  12.04640981  14.04466734  15.2399134
A[20]         0.9008148 0.0025372740  0.098319253   0.71860943   0.83568362   0.8973558
A[21]        14.1921224 0.0435178597  1.599137240  11.35501893  13.03226750  14.1061594
A[22]         1.6048497 0.0032176749  0.126393177   1.36284408   1.51860891   1.6034121
A[23]         1.4980206 0.0027847125  0.113233474   1.28887228   1.41848437   1.4965329
A[24]         7.4642383 0.0232479976  0.829691360   5.94546509   6.86309581   7.4410561
A[25]        13.6686366 0.0568322668  2.019914227  10.08537311  12.25042493  13.5698640
A[26]         0.6492047 0.0010124183  0.039985319   0.57349910   0.62226029   0.6476789
A[27]         1.1131299 0.0010500259  0.051438007   1.01649498   1.07875387   1.1131009
B[1]          0.9999157 0.0017886552  0.071406786   0.86383867   0.95065155   0.9998753
B[2]          0.7130578 0.0014471858  0.054626722   0.61117730   0.67572849   0.7106527
B[3]          0.9046183 0.0023042590  0.088224834   0.74037239   0.84347324   0.9019237
B[4]          1.0727475 0.0019534577  0.080695842   0.91862611   1.01805606   1.0713077
B[5]          0.9706067 0.0020768753  0.080597792   0.81867843   0.91471761   0.9686777
B[6]          1.1473449 0.0024191216  0.099669608   0.96229299   1.07881702   1.1395852
B[7]        208.6286023 1.2023503686 41.943339734 138.55566149 178.10545454 204.5159469
B[8]          2.8926016 0.0113763646  0.403505304   2.16137235   2.60918391   2.8656451
B[9]         16.1780555 0.0681470080  2.501305946  11.96710886  14.39178599  15.9605648
B[10]         0.4346362 0.0014422147  0.054218567   0.33654198   0.39732784   0.4316992
B[11]        17.6980198 0.0651660722  2.377448503  13.57671152  16.00766095  17.5331754
B[12]        21.0869662 0.0656153247  2.402530445  16.71673804  19.41151645  20.9782139
B[13]         3.9617400 0.0126366691  0.445643273   3.15170503   3.65806398   3.9378632
B[14]         1.2321371 0.0020208061  0.082357288   1.07427110   1.17449389   1.2302232
                    75%        97.5%    n_eff      Rhat
alpha        -0.9476941  -0.91737523 1242.314 1.0023976
delta       -10.9191544  -9.36729010 1141.968 1.0004884
epsilon[1]   34.3409365  36.18812543 1266.505 1.0014596
epsilon[2]    0.6430680   2.18199267 1565.622 1.0005475
epsilon[3]  -11.1663828  -9.03015148 1245.370 1.0002908
mu[1]         0.2793488   0.28549301 1241.377 1.0024255
mu[2]         0.2793488   0.28549301 1241.377 1.0024255
mu[3]         0.2793488   0.28549301 1241.377 1.0024255
mu[4]         0.2793488   0.28549301 1241.377 1.0024255
mu[5]         0.2793488   0.28549301 1241.377 1.0024255
mu[6]         0.2793488   0.28549301 1241.377 1.0024255
mu[7]         0.2793488   0.28549301 1241.377 1.0024255
mu[8]         0.2793488   0.28549301 1241.377 1.0024255
mu[9]         0.2793488   0.28549301 1241.377 1.0024255
mu[10]        0.2793488   0.28549301 1241.377 1.0024255
mu[11]        0.2793488   0.28549301 1241.377 1.0024255
mu[12]        0.2793488   0.28549301 1241.377 1.0024255
mu[13]        0.2793488   0.28549301 1241.377 1.0024255
mu[14]        0.2793488   0.28549301 1241.377 1.0024255
mu[15]        0.2793488   0.28549301 1241.377 1.0024255
mu[16]        0.2793488   0.28549301 1241.377 1.0024255
mu[17]        0.2793488   0.28549301 1241.377 1.0024255
mu[18]        0.2793488   0.28549301 1241.377 1.0024255
mu[19]        0.2793488   0.28549301 1241.377 1.0024255
mu[20]        0.2793488   0.28549301 1241.377 1.0024255
mu[21]        0.2793488   0.28549301 1241.377 1.0024255
mu[22]        0.2793488   0.28549301 1241.377 1.0024255
mu[23]        0.2793488   0.28549301 1241.377 1.0024255
mu[24]        0.2793488   0.28549301 1241.377 1.0024255
mu[25]        0.2793488   0.28549301 1241.377 1.0024255
mu[26]        0.2793488   0.28549301 1241.377 1.0024255
mu[27]        0.2793488   0.28549301 1241.377 1.0024255
phi[1]        1.4479418   1.58345739 1512.830 1.0010457
phi[2]        1.0370829   1.14179070 1359.749 1.0012429
phi[3]        1.3358081   1.49668959 1420.568 1.0015886
phi[4]        1.5577092   1.70711580 1627.616 0.9997051
phi[5]        1.4197484   1.56790993 1443.272 1.0015246
phi[6]        1.6796558   1.87648050 1660.674 0.9996197
phi[7]      324.0477390 409.33269008 1231.576 1.0024265
phi[8]        4.3554932   5.20104400 1262.401 0.9996556
phi[9]       24.4190051  29.87077322 1363.779 1.0015046
phi[10]       0.6491354   0.75488163 1379.209 0.9999788
phi[11]      26.4181322  31.36079519 1350.839 1.0016306
phi[12]      31.2467788  35.88692250 1369.718 1.0018687
phi[13]       5.8884857   6.72839581 1252.098 0.9996743
phi[14]       1.7787619   1.93695997 1552.435 1.0002759
phi[15]       1.5296942   1.68065037 1506.208 1.0013568
phi[16]      29.3154388  33.59101737 1340.031 1.0028950
phi[17]       0.9976107   1.11237688 1411.834 1.0005563
phi[18]       2.5539774   2.83790381 1475.768 0.9996230
phi[19]      60.1343173  70.92200114 1318.741 1.0022954
phi[20]       3.4781723   3.95356735 1538.359 1.0001103
phi[21]      55.4005022  64.02660194 1257.703 1.0017686
phi[22]       6.1035409   6.78068985 1535.651 0.9997619
phi[23]       5.6748498   6.25581545 1733.422 0.9996005
phi[24]      29.1353480  33.49205941 1222.659 1.0017310
phi[25]      54.1613992  65.52417391 1234.741 1.0028036
phi[26]       2.4358353   2.62311567 2003.913 1.0003092
phi[27]       4.1532190   4.39823299 2454.845 1.0000512
A[1]          0.4015894   0.44360060 1351.171 1.0017301
A[2]          0.2882573   0.31924372 1195.803 1.0019353
A[3]          0.3708923   0.41824911 1311.153 1.0021636
A[4]          0.4313145   0.47453730 1441.096 1.0000305
A[5]          0.3943544   0.43924155 1282.657 1.0021801
A[6]          0.4654521   0.52031504 1550.489 0.9996241
A[7]         89.2618177 111.39565958 1277.019 1.0023988
A[8]          1.2067731   1.44622706 1273.000 0.9997702
A[9]          6.7334625   8.14621638 1412.949 1.0012820
A[10]         0.1798879   0.21051041 1299.163 1.0002706
A[11]         7.2826526   8.55810526 1412.246 1.0013765
A[12]         8.6016354   9.77198478 1466.197 1.0015832
A[13]         1.6257864   1.87147293 1275.608 0.9996030
A[14]         0.4931736   0.54041727 1376.716 1.0009421
A[15]         0.4251085   0.47015594 1340.342 1.0020315
A[16]         8.0692725   9.16613984 1446.238 1.0026493
A[17]         0.2767677   0.31236335 1298.325 1.0010832
A[18]         0.7064555   0.78532766 1398.323 0.9998197
A[19]        16.5536562  19.24859371 1404.308 1.0021160
A[20]         0.9643438   1.10248087 1501.559 1.0004757
A[21]        15.2592329  17.47707465 1350.319 1.0015251
A[22]         1.6862852   1.86771757 1542.989 0.9996100
A[23]         1.5713154   1.73098899 1653.442 0.9997285
A[24]         8.0315409   9.15683207 1273.685 1.0014195
A[25]        14.9111745  17.90940200 1263.211 1.0026658
A[26]         0.6763867   0.72905521 1559.844 1.0010908
A[27]         1.1482835   1.21388918 2399.762 0.9996208
B[1]          1.0456847   1.14362091 1593.770 1.0007695
B[2]          0.7496776   0.82526516 1424.826 1.0009621
B[3]          0.9638448   1.08212489 1465.950 1.0013521
B[4]          1.1257897   1.23689379 1706.453 0.9996358
B[5]          1.0252159   1.13409132 1506.002 1.0012525
B[6]          1.2144793   1.35535264 1697.501 0.9996651
B[7]        234.7984509 298.39840651 1216.925 1.0024306
B[8]          3.1471537   3.75604409 1258.031 0.9996278
B[9]         17.6852851  21.68698836 1347.225 1.0015800
B[10]         0.4694968   0.54595000 1413.306 0.9998839
B[11]        19.1677810  22.72801564 1331.003 1.0017138
B[12]        22.6510364  26.14143317 1340.686 1.0019560
B[13]         4.2571589   4.87663274 1243.682 0.9997253
B[14]         1.2852267   1.40281558 1660.943 1.0000552
 [ reached getOption("max.print") -- omitted 44 rows ]

WAIC and LOOIC Results:
WAIC: -12.34184 
LOOIC: -12.34093 
EAIC: -2.569037 
EBIC: 3.910147 
