Summary Results:
                   mean      se_mean          sd        2.5%         25%         50%
alpha       -0.28096609 0.0008047459 0.035989385 -0.35282428 -0.30452513 -0.28119703
delta        1.08005783 0.0009875704 0.046097276  0.98848183  1.04912620  1.08108376
mu[1]        0.43023913 0.0001971314 0.008817999  0.41269771  0.42445165  0.43016033
mu[2]        0.43023913 0.0001971314 0.008817999  0.41269771  0.42445165  0.43016033
mu[3]        0.43023913 0.0001971314 0.008817999  0.41269771  0.42445165  0.43016033
mu[4]        0.43023913 0.0001971314 0.008817999  0.41269771  0.42445165  0.43016033
mu[5]        0.43023913 0.0001971314 0.008817999  0.41269771  0.42445165  0.43016033
mu[6]        0.43023913 0.0001971314 0.008817999  0.41269771  0.42445165  0.43016033
mu[7]        0.43023913 0.0001971314 0.008817999  0.41269771  0.42445165  0.43016033
mu[8]        0.43023913 0.0001971314 0.008817999  0.41269771  0.42445165  0.43016033
mu[9]        0.43023913 0.0001971314 0.008817999  0.41269771  0.42445165  0.43016033
mu[10]       0.43023913 0.0001971314 0.008817999  0.41269771  0.42445165  0.43016033
mu[11]       0.43023913 0.0001971314 0.008817999  0.41269771  0.42445165  0.43016033
mu[12]       0.43023913 0.0001971314 0.008817999  0.41269771  0.42445165  0.43016033
mu[13]       0.43023913 0.0001971314 0.008817999  0.41269771  0.42445165  0.43016033
mu[14]       0.43023913 0.0001971314 0.008817999  0.41269771  0.42445165  0.43016033
mu[15]       0.43023913 0.0001971314 0.008817999  0.41269771  0.42445165  0.43016033
mu[16]       0.43023913 0.0001971314 0.008817999  0.41269771  0.42445165  0.43016033
mu[17]       0.43023913 0.0001971314 0.008817999  0.41269771  0.42445165  0.43016033
mu[18]       0.43023913 0.0001971314 0.008817999  0.41269771  0.42445165  0.43016033
mu[19]       0.43023913 0.0001971314 0.008817999  0.41269771  0.42445165  0.43016033
mu[20]       0.43023913 0.0001971314 0.008817999  0.41269771  0.42445165  0.43016033
mu[21]       0.43023913 0.0001971314 0.008817999  0.41269771  0.42445165  0.43016033
mu[22]       0.43023913 0.0001971314 0.008817999  0.41269771  0.42445165  0.43016033
mu[23]       0.43023913 0.0001971314 0.008817999  0.41269771  0.42445165  0.43016033
mu[24]       0.43023913 0.0001971314 0.008817999  0.41269771  0.42445165  0.43016033
mu[25]       0.43023913 0.0001971314 0.008817999  0.41269771  0.42445165  0.43016033
mu[26]       0.43023913 0.0001971314 0.008817999  0.41269771  0.42445165  0.43016033
mu[27]       0.43023913 0.0001971314 0.008817999  0.41269771  0.42445165  0.43016033
phi[1]       2.94797817 0.0029044572 0.135902147  2.68715183  2.85515520  2.94787262
phi[2]       2.94797817 0.0029044572 0.135902147  2.68715183  2.85515520  2.94787262
phi[3]       2.94797817 0.0029044572 0.135902147  2.68715183  2.85515520  2.94787262
phi[4]       2.94797817 0.0029044572 0.135902147  2.68715183  2.85515520  2.94787262
phi[5]       2.94797817 0.0029044572 0.135902147  2.68715183  2.85515520  2.94787262
phi[6]       2.94797817 0.0029044572 0.135902147  2.68715183  2.85515520  2.94787262
phi[7]       2.94797817 0.0029044572 0.135902147  2.68715183  2.85515520  2.94787262
phi[8]       2.94797817 0.0029044572 0.135902147  2.68715183  2.85515520  2.94787262
phi[9]       2.94797817 0.0029044572 0.135902147  2.68715183  2.85515520  2.94787262
phi[10]      2.94797817 0.0029044572 0.135902147  2.68715183  2.85515520  2.94787262
phi[11]      2.94797817 0.0029044572 0.135902147  2.68715183  2.85515520  2.94787262
phi[12]      2.94797817 0.0029044572 0.135902147  2.68715183  2.85515520  2.94787262
phi[13]      2.94797817 0.0029044572 0.135902147  2.68715183  2.85515520  2.94787262
phi[14]      2.94797817 0.0029044572 0.135902147  2.68715183  2.85515520  2.94787262
phi[15]      2.94797817 0.0029044572 0.135902147  2.68715183  2.85515520  2.94787262
phi[16]      2.94797817 0.0029044572 0.135902147  2.68715183  2.85515520  2.94787262
phi[17]      2.94797817 0.0029044572 0.135902147  2.68715183  2.85515520  2.94787262
phi[18]      2.94797817 0.0029044572 0.135902147  2.68715183  2.85515520  2.94787262
phi[19]      2.94797817 0.0029044572 0.135902147  2.68715183  2.85515520  2.94787262
phi[20]      2.94797817 0.0029044572 0.135902147  2.68715183  2.85515520  2.94787262
phi[21]      2.94797817 0.0029044572 0.135902147  2.68715183  2.85515520  2.94787262
phi[22]      2.94797817 0.0029044572 0.135902147  2.68715183  2.85515520  2.94787262
phi[23]      2.94797817 0.0029044572 0.135902147  2.68715183  2.85515520  2.94787262
phi[24]      2.94797817 0.0029044572 0.135902147  2.68715183  2.85515520  2.94787262
phi[25]      2.94797817 0.0029044572 0.135902147  2.68715183  2.85515520  2.94787262
phi[26]      2.94797817 0.0029044572 0.135902147  2.68715183  2.85515520  2.94787262
phi[27]      2.94797817 0.0029044572 0.135902147  2.68715183  2.85515520  2.94787262
A[1]         1.26817315 0.0011898393 0.060716523  1.15601273  1.22512675  1.26627534
A[2]         1.26817315 0.0011898393 0.060716523  1.15601273  1.22512675  1.26627534
A[3]         1.26817315 0.0011898393 0.060716523  1.15601273  1.22512675  1.26627534
A[4]         1.26817315 0.0011898393 0.060716523  1.15601273  1.22512675  1.26627534
A[5]         1.26817315 0.0011898393 0.060716523  1.15601273  1.22512675  1.26627534
A[6]         1.26817315 0.0011898393 0.060716523  1.15601273  1.22512675  1.26627534
A[7]         1.26817315 0.0011898393 0.060716523  1.15601273  1.22512675  1.26627534
A[8]         1.26817315 0.0011898393 0.060716523  1.15601273  1.22512675  1.26627534
A[9]         1.26817315 0.0011898393 0.060716523  1.15601273  1.22512675  1.26627534
A[10]        1.26817315 0.0011898393 0.060716523  1.15601273  1.22512675  1.26627534
A[11]        1.26817315 0.0011898393 0.060716523  1.15601273  1.22512675  1.26627534
A[12]        1.26817315 0.0011898393 0.060716523  1.15601273  1.22512675  1.26627534
A[13]        1.26817315 0.0011898393 0.060716523  1.15601273  1.22512675  1.26627534
A[14]        1.26817315 0.0011898393 0.060716523  1.15601273  1.22512675  1.26627534
A[15]        1.26817315 0.0011898393 0.060716523  1.15601273  1.22512675  1.26627534
A[16]        1.26817315 0.0011898393 0.060716523  1.15601273  1.22512675  1.26627534
A[17]        1.26817315 0.0011898393 0.060716523  1.15601273  1.22512675  1.26627534
A[18]        1.26817315 0.0011898393 0.060716523  1.15601273  1.22512675  1.26627534
A[19]        1.26817315 0.0011898393 0.060716523  1.15601273  1.22512675  1.26627534
A[20]        1.26817315 0.0011898393 0.060716523  1.15601273  1.22512675  1.26627534
A[21]        1.26817315 0.0011898393 0.060716523  1.15601273  1.22512675  1.26627534
A[22]        1.26817315 0.0011898393 0.060716523  1.15601273  1.22512675  1.26627534
A[23]        1.26817315 0.0011898393 0.060716523  1.15601273  1.22512675  1.26627534
A[24]        1.26817315 0.0011898393 0.060716523  1.15601273  1.22512675  1.26627534
A[25]        1.26817315 0.0011898393 0.060716523  1.15601273  1.22512675  1.26627534
A[26]        1.26817315 0.0011898393 0.060716523  1.15601273  1.22512675  1.26627534
A[27]        1.26817315 0.0011898393 0.060716523  1.15601273  1.22512675  1.26627534
B[1]         1.67980502 0.0019137860 0.084962606  1.51866270  1.62253296  1.67811164
B[2]         1.67980502 0.0019137860 0.084962606  1.51866270  1.62253296  1.67811164
B[3]         1.67980502 0.0019137860 0.084962606  1.51866270  1.62253296  1.67811164
B[4]         1.67980502 0.0019137860 0.084962606  1.51866270  1.62253296  1.67811164
B[5]         1.67980502 0.0019137860 0.084962606  1.51866270  1.62253296  1.67811164
B[6]         1.67980502 0.0019137860 0.084962606  1.51866270  1.62253296  1.67811164
B[7]         1.67980502 0.0019137860 0.084962606  1.51866270  1.62253296  1.67811164
B[8]         1.67980502 0.0019137860 0.084962606  1.51866270  1.62253296  1.67811164
B[9]         1.67980502 0.0019137860 0.084962606  1.51866270  1.62253296  1.67811164
B[10]        1.67980502 0.0019137860 0.084962606  1.51866270  1.62253296  1.67811164
B[11]        1.67980502 0.0019137860 0.084962606  1.51866270  1.62253296  1.67811164
B[12]        1.67980502 0.0019137860 0.084962606  1.51866270  1.62253296  1.67811164
B[13]        1.67980502 0.0019137860 0.084962606  1.51866270  1.62253296  1.67811164
B[14]        1.67980502 0.0019137860 0.084962606  1.51866270  1.62253296  1.67811164
B[15]        1.67980502 0.0019137860 0.084962606  1.51866270  1.62253296  1.67811164
B[16]        1.67980502 0.0019137860 0.084962606  1.51866270  1.62253296  1.67811164
B[17]        1.67980502 0.0019137860 0.084962606  1.51866270  1.62253296  1.67811164
                    75%        97.5%    n_eff      Rhat
alpha       -0.25633507 -0.212720636 2000.006 0.9996905
delta        1.11202795  1.170140201 2178.785 0.9996091
mu[1]        0.43626484  0.447019472 2000.915 0.9996911
mu[2]        0.43626484  0.447019472 2000.915 0.9996911
mu[3]        0.43626484  0.447019472 2000.915 0.9996911
mu[4]        0.43626484  0.447019472 2000.915 0.9996911
mu[5]        0.43626484  0.447019472 2000.915 0.9996911
mu[6]        0.43626484  0.447019472 2000.915 0.9996911
mu[7]        0.43626484  0.447019472 2000.915 0.9996911
mu[8]        0.43626484  0.447019472 2000.915 0.9996911
mu[9]        0.43626484  0.447019472 2000.915 0.9996911
mu[10]       0.43626484  0.447019472 2000.915 0.9996911
mu[11]       0.43626484  0.447019472 2000.915 0.9996911
mu[12]       0.43626484  0.447019472 2000.915 0.9996911
mu[13]       0.43626484  0.447019472 2000.915 0.9996911
mu[14]       0.43626484  0.447019472 2000.915 0.9996911
mu[15]       0.43626484  0.447019472 2000.915 0.9996911
mu[16]       0.43626484  0.447019472 2000.915 0.9996911
mu[17]       0.43626484  0.447019472 2000.915 0.9996911
mu[18]       0.43626484  0.447019472 2000.915 0.9996911
mu[19]       0.43626484  0.447019472 2000.915 0.9996911
mu[20]       0.43626484  0.447019472 2000.915 0.9996911
mu[21]       0.43626484  0.447019472 2000.915 0.9996911
mu[22]       0.43626484  0.447019472 2000.915 0.9996911
mu[23]       0.43626484  0.447019472 2000.915 0.9996911
mu[24]       0.43626484  0.447019472 2000.915 0.9996911
mu[25]       0.43626484  0.447019472 2000.915 0.9996911
mu[26]       0.43626484  0.447019472 2000.915 0.9996911
mu[27]       0.43626484  0.447019472 2000.915 0.9996911
phi[1]       3.04051817  3.222444435 2189.388 0.9996096
phi[2]       3.04051817  3.222444435 2189.388 0.9996096
phi[3]       3.04051817  3.222444435 2189.388 0.9996096
phi[4]       3.04051817  3.222444435 2189.388 0.9996096
phi[5]       3.04051817  3.222444435 2189.388 0.9996096
phi[6]       3.04051817  3.222444435 2189.388 0.9996096
phi[7]       3.04051817  3.222444435 2189.388 0.9996096
phi[8]       3.04051817  3.222444435 2189.388 0.9996096
phi[9]       3.04051817  3.222444435 2189.388 0.9996096
phi[10]      3.04051817  3.222444435 2189.388 0.9996096
phi[11]      3.04051817  3.222444435 2189.388 0.9996096
phi[12]      3.04051817  3.222444435 2189.388 0.9996096
phi[13]      3.04051817  3.222444435 2189.388 0.9996096
phi[14]      3.04051817  3.222444435 2189.388 0.9996096
phi[15]      3.04051817  3.222444435 2189.388 0.9996096
phi[16]      3.04051817  3.222444435 2189.388 0.9996096
phi[17]      3.04051817  3.222444435 2189.388 0.9996096
phi[18]      3.04051817  3.222444435 2189.388 0.9996096
phi[19]      3.04051817  3.222444435 2189.388 0.9996096
phi[20]      3.04051817  3.222444435 2189.388 0.9996096
phi[21]      3.04051817  3.222444435 2189.388 0.9996096
phi[22]      3.04051817  3.222444435 2189.388 0.9996096
phi[23]      3.04051817  3.222444435 2189.388 0.9996096
phi[24]      3.04051817  3.222444435 2189.388 0.9996096
phi[25]      3.04051817  3.222444435 2189.388 0.9996096
phi[26]      3.04051817  3.222444435 2189.388 0.9996096
phi[27]      3.04051817  3.222444435 2189.388 0.9996096
A[1]         1.30917985  1.390175179 2603.977 0.9996482
A[2]         1.30917985  1.390175179 2603.977 0.9996482
A[3]         1.30917985  1.390175179 2603.977 0.9996482
A[4]         1.30917985  1.390175179 2603.977 0.9996482
A[5]         1.30917985  1.390175179 2603.977 0.9996482
A[6]         1.30917985  1.390175179 2603.977 0.9996482
A[7]         1.30917985  1.390175179 2603.977 0.9996482
A[8]         1.30917985  1.390175179 2603.977 0.9996482
A[9]         1.30917985  1.390175179 2603.977 0.9996482
A[10]        1.30917985  1.390175179 2603.977 0.9996482
A[11]        1.30917985  1.390175179 2603.977 0.9996482
A[12]        1.30917985  1.390175179 2603.977 0.9996482
A[13]        1.30917985  1.390175179 2603.977 0.9996482
A[14]        1.30917985  1.390175179 2603.977 0.9996482
A[15]        1.30917985  1.390175179 2603.977 0.9996482
A[16]        1.30917985  1.390175179 2603.977 0.9996482
A[17]        1.30917985  1.390175179 2603.977 0.9996482
A[18]        1.30917985  1.390175179 2603.977 0.9996482
A[19]        1.30917985  1.390175179 2603.977 0.9996482
A[20]        1.30917985  1.390175179 2603.977 0.9996482
A[21]        1.30917985  1.390175179 2603.977 0.9996482
A[22]        1.30917985  1.390175179 2603.977 0.9996482
A[23]        1.30917985  1.390175179 2603.977 0.9996482
A[24]        1.30917985  1.390175179 2603.977 0.9996482
A[25]        1.30917985  1.390175179 2603.977 0.9996482
A[26]        1.30917985  1.390175179 2603.977 0.9996482
A[27]        1.30917985  1.390175179 2603.977 0.9996482
B[1]         1.73622988  1.859971755 1970.920 0.9995999
B[2]         1.73622988  1.859971755 1970.920 0.9995999
B[3]         1.73622988  1.859971755 1970.920 0.9995999
B[4]         1.73622988  1.859971755 1970.920 0.9995999
B[5]         1.73622988  1.859971755 1970.920 0.9995999
B[6]         1.73622988  1.859971755 1970.920 0.9995999
B[7]         1.73622988  1.859971755 1970.920 0.9995999
B[8]         1.73622988  1.859971755 1970.920 0.9995999
B[9]         1.73622988  1.859971755 1970.920 0.9995999
B[10]        1.73622988  1.859971755 1970.920 0.9995999
B[11]        1.73622988  1.859971755 1970.920 0.9995999
B[12]        1.73622988  1.859971755 1970.920 0.9995999
B[13]        1.73622988  1.859971755 1970.920 0.9995999
B[14]        1.73622988  1.859971755 1970.920 0.9995999
B[15]        1.73622988  1.859971755 1970.920 0.9995999
B[16]        1.73622988  1.859971755 1970.920 0.9995999
B[17]        1.73622988  1.859971755 1970.920 0.9995999
 [ reached getOption("max.print") -- omitted 41 rows ]

WAIC and LOOIC Results:
WAIC: -3.530275 
LOOIC: -3.529951 
EAIC: 0.3711388 
EBIC: 2.962813 
