Summary Results:
                    mean      se_mean           sd          2.5%          25%          50%
alpha        -0.31199529 0.0215724141  0.715954659  -1.663754792  -0.80201296  -0.33002797
delta        -5.45459950 0.0573323157  1.670559385  -8.713657636  -6.56049752  -5.44292774
beta[1]     -12.67284724 0.0612157619  1.703031405 -15.958990429 -13.84452479 -12.65177269
beta[2]       5.20583844 0.0473991980  1.409547707   2.433554514   4.25181707   5.17276634
beta[3]       6.26891883 0.0326985617  1.021957648   4.268582160   5.54744841   6.28548272
epsilon[1]   17.02078370 0.0825790035  2.409562175  12.387732150  15.34355886  17.06373018
epsilon[2]    1.37746110 0.0350284233  1.392042069  -1.357419623   0.41855929   1.33618525
epsilon[3]   -7.31270683 0.0538393253  1.962553049 -11.053471436  -8.68805181  -7.30287140
mu[1]         0.48243741 0.0004843997  0.016918727   0.448105559   0.47083040   0.48250975
mu[2]         0.48204035 0.0005426234  0.018731047   0.445211172   0.46915750   0.48210379
mu[3]         0.43087988 0.0003235945  0.017217484   0.397060467   0.41908651   0.43088194
mu[4]         0.49426083 0.0007773342  0.023463149   0.448945760   0.47778531   0.49363981
mu[5]         0.43696337 0.0002946083  0.015529008   0.407014699   0.42657333   0.43725656
mu[6]         0.56232829 0.0011995752  0.033576118   0.494521318   0.53934723   0.56250625
mu[7]         0.19353065 0.0003923304  0.012744940   0.168769706   0.18469110   0.19366344
mu[8]         0.47656741 0.0007199655  0.023436729   0.431766305   0.46104482   0.47621944
mu[9]         0.31227054 0.0003591571  0.014479211   0.285223145   0.30235005   0.31156880
mu[10]        0.56332124 0.0011602178  0.034900360   0.496981893   0.53916091   0.56287602
mu[11]        0.28628419 0.0002898012  0.010915819   0.265675190   0.27885728   0.28590309
mu[12]        0.26212505 0.0003586126  0.010882934   0.240824629   0.25480110   0.26216933
mu[13]        0.46493579 0.0007155744  0.021396747   0.423934237   0.45085710   0.46517622
mu[14]        0.43771055 0.0004005810  0.015298570   0.408025499   0.42708145   0.43781459
mu[15]        0.44498184 0.0002883959  0.014979665   0.415990968   0.43469484   0.44520338
mu[16]        0.31891466 0.0001408314  0.006744023   0.306419327   0.31414019   0.31883351
mu[17]        0.55914866 0.0009422327  0.026944216   0.505660090   0.54106069   0.55945543
mu[18]        0.41304664 0.0004322549  0.015984535   0.383263231   0.40195511   0.41314170
mu[19]        0.23815475 0.0003826170  0.011398138   0.215653434   0.23014049   0.23824893
mu[20]        0.39966109 0.0003548464  0.017120755   0.364861014   0.38777883   0.39976812
mu[21]        0.24415730 0.0004317679  0.013310980   0.217655379   0.23486550   0.24452272
mu[22]        0.33280711 0.0003642995  0.012921944   0.308760469   0.32392576   0.33275171
mu[23]        0.31978798 0.0004608451  0.015464211   0.289775945   0.30948217   0.31959368
mu[24]        0.34676560 0.0003272497  0.011465221   0.324603623   0.33905210   0.34633863
mu[25]        0.34606047 0.0005139506  0.016694258   0.314291706   0.33493428   0.34619679
mu[26]        0.41315294 0.0002485607  0.012355436   0.389352358   0.40456864   0.41329973
mu[27]        0.42901846 0.0004146193  0.013096426   0.402600152   0.41986184   0.42910978
phi[1]        2.43315382 0.0062530674  0.227646268   1.998161141   2.27941556   2.42144315
phi[2]        2.09937959 0.0087144473  0.261556582   1.620131962   1.92522653   2.08712421
phi[3]        2.18831854 0.0059607943  0.245664197   1.720376181   2.01548939   2.17798853
phi[4]        2.75869285 0.0113787487  0.348742709   2.138319678   2.51741949   2.73644891
phi[5]        2.32175070 0.0062273382  0.234248282   1.869325561   2.16181935   2.31525088
phi[6]        2.93009278 0.0110179562  0.372541158   2.282758788   2.67687966   2.90364424
phi[7]       45.09223668 0.4316017748 12.490919330  26.487885973  36.16725674  43.24679458
phi[8]        4.19565748 0.0214803379  0.729014422   2.963544163   3.65663565   4.14867284
phi[9]       12.29585628 0.0449625373  1.901084149   9.005553053  10.92708307  12.12076216
phi[10]       1.80425651 0.0132946885  0.396004496   1.142613522   1.52318331   1.76041226
phi[11]      12.37166237 0.0426715996  1.686382964   9.384144659  11.17236507  12.23858454
phi[12]      12.91746365 0.0503118212  1.654768215  10.053214162  11.75480258  12.81192888
phi[13]       5.14904670 0.0214742474  0.709611891   3.906448124   4.62356823   5.11455301
phi[14]       2.81022141 0.0092496604  0.286141691   2.279838988   2.62046561   2.79598684
phi[15]       2.43370023 0.0059084281  0.230805114   1.987215433   2.27320892   2.42580389
phi[16]      12.80480971 0.0491957501  1.531271062  10.211009836  11.71575321  12.68745098
phi[17]       2.07591569 0.0078936634  0.257166376   1.611619111   1.89477404   2.05732799
phi[18]       3.49435160 0.0130372692  0.409540886   2.777562251   3.21445429   3.47314048
phi[19]      18.13523004 0.0987075795  2.969071492  13.206401813  16.02204899  17.81668054
phi[20]       3.59400082 0.0113002370  0.453174633   2.774728852   3.26630955   3.57535381
phi[21]      16.78477019 0.1029551766  2.979151600  11.814426824  14.74728779  16.44397123
phi[22]       5.38290685 0.0138846720  0.505083786   4.474017472   5.02138396   5.36218840
phi[23]       4.96493041 0.0113651873  0.433322942   4.179843839   4.64914307   4.94721802
phi[24]      12.38475580 0.0656379060  1.918850862   9.120261413  11.04291030  12.22106141
phi[25]      18.45636163 0.1020682746  3.199496546  13.340232628  16.16076023  18.17654481
phi[26]       3.22530626 0.0062135414  0.231992358   2.765072140   3.07425248   3.22031765
phi[27]       4.48460061 0.0049573918  0.231247475   4.040692633   4.32818815   4.48163004
A[1]          1.17537944 0.0039604566  0.131695036   0.925235941   1.08570946   1.16833157
A[2]          1.01448355 0.0050782965  0.150187188   0.740893039   0.91226762   1.00460914
A[3]          0.94272763 0.0025680896  0.110692594   0.731720466   0.86419931   0.94032550
A[4]          1.36874312 0.0074602456  0.220606090   0.975743813   1.21334190   1.34943643
A[5]          1.01469298 0.0029196151  0.109910319   0.801040921   0.93947872   1.01236772
A[6]          1.65511133 0.0091562044  0.281549241   1.170503180   1.45827822   1.62432449
A[7]          8.83309586 0.1015219837  2.904412311   4.618834250   6.78778817   8.37122474
A[8]          1.99198965 0.0081893393  0.313958814   1.448783756   1.76590319   1.97201525
A[9]          3.83183081 0.0127790320  0.567392967   2.850601192   3.43755050   3.79189273
A[10]         1.02540849 0.0093318297  0.271876480   0.580467264   0.83540774   0.99041646
A[11]         3.53701124 0.0120185371  0.465911704   2.743004367   3.20785889   3.50680299
A[12]         3.39031360 0.0161807102  0.489262615   2.558123958   3.04383485   3.35257278
A[13]         2.38638834 0.0074823576  0.288623446   1.874574710   2.17331168   2.36849538
A[14]         1.23116818 0.0046175295  0.142256211   0.968495873   1.13501774   1.22347655
A[15]         1.08340269 0.0030080208  0.113190535   0.866148806   1.00545229   1.08033866
A[16]         4.08150575 0.0148895843  0.476264276   3.255368746   3.75169066   4.05320992
A[17]         1.16480219 0.0060499938  0.182886688   0.834985668   1.03880987   1.15023496
A[18]         1.44365466 0.0057618014  0.180713323   1.119809060   1.32011589   1.43350213
A[19]         4.33856365 0.0296551000  0.852058581   2.965747451   3.74251211   4.24308977
A[20]         1.43597267 0.0046541317  0.188278608   1.102905991   1.30033637   1.42774035
A[21]         4.12512162 0.0320113923  0.905150445   2.666636669   3.48559722   4.01597859
A[22]         1.78819449 0.0034541652  0.145740575   1.519644132   1.68352066   1.78226713
A[23]         1.58560814 0.0033570830  0.135260955   1.335691692   1.48901770   1.58062222
A[24]         4.28553816 0.0200275210  0.615727111   3.230672047   3.85808531   4.23887550
A[25]         6.36026967 0.0276795373  0.976074503   4.698604670   5.66858070   6.30197628
A[26]         1.33261621 0.0027987571  0.104549509   1.126393364   1.26231026   1.33023082
A[27]         1.92455387 0.0032445859  0.124696411   1.683084689   1.83926306   1.92493865
B[1]          1.25777438 0.0025200343  0.108179619   1.052195909   1.18286236   1.25218105
B[2]          1.08489604 0.0037788277  0.120092417   0.863847838   1.00445139   1.07989832
B[3]          1.24559091 0.0035451024  0.146519731   0.975000525   1.14442088   1.23840560
B[4]          1.38994973 0.0041532512  0.142709450   1.125398623   1.29104058   1.38588628
B[5]          1.30705772 0.0034825392  0.135262407   1.050927903   1.21626175   1.30085630
B[6]          1.27498145 0.0031661330  0.129231231   1.040829679   1.18354342   1.26891106
B[7]         36.25914082 0.3304904076  9.626707786  21.742389028  29.38909684  34.83510654
B[8]          2.20366784 0.0137182639  0.437022007   1.475158689   1.88377239   2.17056799
B[9]          8.46402547 0.0330681425  1.369529689   6.077575720   7.46757794   8.32701171
B[10]         0.77884802 0.0041872545  0.136974261   0.541204744   0.68307534   0.76789684
B[11]         8.83465112 0.0312546020  1.245301123   6.621729535   7.94213647   8.72414324
                     75%        97.5%     n_eff      Rhat
alpha         0.17029813   1.07116395 1101.4722 1.0009720
delta        -4.32873191  -2.23460592  849.0336 0.9997102
beta[1]     -11.47850427  -9.36975101  773.9605 0.9997735
beta[2]       6.14187518   7.97911881  884.3365 0.9996757
beta[3]       6.96116552   8.29178715  976.8064 1.0014556
epsilon[1]   18.59614412  21.87967050  851.4066 1.0000613
epsilon[2]    2.30414248   4.13710679 1579.2960 0.9999801
epsilon[3]   -5.95772953  -3.47787581 1328.7510 0.9996039
mu[1]         0.49435341   0.51408925 1219.9096 1.0004327
mu[2]         0.49495185   0.51764181 1191.5904 0.9996635
mu[3]         0.44274385   0.46466015 2830.9814 0.9998578
mu[4]         0.51107339   0.53902236  911.0810 0.9996518
mu[5]         0.44732621   0.46663412 2778.4175 0.9998545
mu[6]         0.58581446   0.62670545  783.4405 0.9999579
mu[7]         0.20229048   0.21749385 1055.2897 0.9996316
mu[8]         0.49221749   0.52301198 1059.6698 1.0019512
mu[9]         0.32166867   0.34238099 1625.2525 0.9999401
mu[10]        0.58857209   0.63023477  904.8586 0.9996013
mu[11]        0.29342313   0.30848780 1418.7715 1.0001452
mu[12]        0.26961182   0.28307011  920.9602 0.9998125
mu[13]        0.47903534   0.50786333  894.0996 1.0017023
mu[14]        0.44833446   0.46678082 1458.5486 0.9996075
mu[15]        0.45514864   0.47307139 2697.9018 1.0000768
mu[16]        0.32341840   0.33225289 2293.1851 1.0004494
mu[17]        0.57743361   0.60994403  817.7390 1.0002903
mu[18]        0.42407398   0.44452364 1367.4776 0.9996731
mu[19]        0.24629160   0.25968515  887.4405 0.9996382
mu[20]        0.41170064   0.43211151 2327.9037 1.0006875
mu[21]        0.25346232   0.26943116  950.4283 0.9996657
mu[22]        0.34144647   0.35812321 1258.1674 0.9999141
mu[23]        0.33031808   0.35010120 1126.0187 0.9997045
mu[24]        0.35468600   0.36920553 1227.4572 1.0020895
mu[25]        0.35721724   0.38076569 1055.0948 1.0004269
mu[26]        0.42170115   0.43665235 2470.8775 0.9997603
mu[27]        0.43812678   0.45406934  997.7151 1.0002867
phi[1]        2.58713235   2.90172390 1325.3630 0.9996478
phi[2]        2.26785630   2.64790276  900.8482 0.9996102
phi[3]        2.35166688   2.69679493 1698.5388 0.9997904
phi[4]        2.97151667   3.48465873  939.3366 0.9996605
phi[5]        2.47814392   2.80200150 1414.9723 0.9997373
phi[6]        3.15867177   3.75648894 1143.2638 0.9997116
phi[7]       51.62148670  75.40034112  837.5724 1.0000210
phi[8]        4.63473871   5.80876735 1151.8343 0.9998525
phi[9]       13.57083352  16.32920396 1787.7264 0.9996664
phi[10]       2.02894257   2.69486036  887.2457 0.9997904
phi[11]      13.46397324  15.81412371 1561.8329 0.9998169
phi[12]      13.94990291  16.52166467 1081.7683 1.0001692
phi[13]       5.60369586   6.63520090 1091.9578 0.9998761
phi[14]       2.99839268   3.39917933  956.9973 0.9996031
phi[15]       2.58878724   2.89927080 1525.9734 0.9997542
phi[16]      13.72713649  16.22784748  968.8331 1.0001924
phi[17]       2.24417215   2.64806732 1061.3806 0.9996269
phi[18]       3.75634732   4.35124967  986.7821 0.9995999
phi[19]      19.92322443  24.80718480  904.7744 1.0001777
phi[20]       3.87963302   4.54581032 1608.2593 1.0001769
phi[21]      18.54100775  23.40917969  837.3149 1.0002875
phi[22]       5.72099707   6.40325502 1323.2918 0.9998547
phi[23]       5.26657641   5.84580664 1453.6845 1.0002526
phi[24]      13.51184050  16.84391165  854.6199 1.0001547
phi[25]      20.30034056  25.87946800  982.6113 0.9999133
phi[26]       3.37872202   3.69168867 1394.0199 0.9998642
phi[27]       4.63611085   4.95620713 2175.9430 1.0000176
A[1]          1.26435259   1.44428699 1105.7280 0.9996117
A[2]          1.11095210   1.34480968  874.6407 0.9996262
A[3]          1.01712365   1.16502900 1857.8763 0.9996562
A[4]          1.50250844   1.84551640  874.4374 0.9996761
A[5]          1.08884748   1.23657252 1417.1824 0.9996307
A[6]          1.82859507   2.27566792  945.5353 0.9998221
A[7]         10.27680071  16.10856928  818.4579 0.9998171
A[8]          2.19489373   2.65239971 1469.7641 0.9996006
A[9]          4.18347173   5.00842296 1971.3874 0.9998148
A[10]         1.17612690   1.64943352  848.8084 0.9997621
A[11]         3.83307346   4.52932687 1502.8098 1.0001060
A[12]         3.69124914   4.48305688  914.3004 1.0002413
A[13]         2.57882325   2.97188126 1487.9430 0.9996001
A[14]         1.31859650   1.53549058  949.1244 0.9996002
A[15]         1.16202736   1.30876235 1415.9847 0.9996166
A[16]         4.37051388   5.13887578 1023.1301 0.9999907
A[17]         1.27952610   1.57319099  913.8067 0.9997544
A[18]         1.55818573   1.81937868  983.7025 0.9996057
A[19]         4.84302375   6.28862249  825.5438 1.0000394
A[20]         1.55414583   1.82999108 1636.5324 0.9997255
A[21]         4.65878598   6.19198836  799.5257 0.9999190
A[22]         1.88496747   2.08633855 1780.2244 1.0003342
A[23]         1.67749790   1.86199845 1623.3820 1.0006162
A[24]         4.65355288   5.67199116  945.1966 0.9997687
A[25]         6.93368670   8.64677783 1243.5071 0.9997218
A[26]         1.40109106   1.54598723 1395.4478 0.9997017
A[27]         2.00455771   2.17695198 1477.0301 0.9996168
B[1]          1.33089054   1.47820155 1842.7991 0.9999506
B[2]          1.16195826   1.33186068 1009.9898 0.9996003
B[3]          1.34098314   1.55250958 1708.1840 0.9999051
B[4]          1.48218734   1.67783982 1180.6715 0.9996305
B[5]          1.39743981   1.58479069 1508.5586 0.9998495
B[6]          1.35824535   1.54639241 1666.0063 0.9996039
B[7]         41.33599436  59.83774435  848.4727 1.0000919
B[8]          2.45196691   3.18046353 1014.8651 1.0002710
B[9]          9.40815527  11.36398973 1715.2337 0.9996274
B[10]         0.86416043   1.07969990 1070.0873 0.9998138
B[11]         9.66462547  11.38092069 1587.5259 0.9997329
 [ reached getOption("max.print") -- omitted 47 rows ]

WAIC and LOOIC Results:
WAIC: -19.03142 
LOOIC: -19.03013 
EAIC: -3.451807 
EBIC: 6.914888 
