Summary Results:
                    mean      se_mean          sd          2.5%           25%          50%
alpha        -0.54694477 0.0209127260 0.715795134  -1.948900343  -1.041886948  -0.52728147
delta         1.52639079 0.0012403697 0.049653683   1.428120347   1.492456419   1.52693324
beta[1]     -19.97390045 0.0289989361 1.072042924 -22.066140214 -20.690720939 -19.93994606
beta[2]      11.10795095 0.0270734564 0.979035356   9.209441865  10.432926296  11.11638823
beta[3]       7.69976249 0.0269095356 0.988226127   5.793363227   7.022287588   7.71264062
mu[1]         0.53100969 0.0002281348 0.011549715   0.508872144   0.523291388   0.53102542
mu[2]         0.54267572 0.0002564763 0.011973199   0.519848522   0.534253710   0.54254902
mu[3]         0.42251842 0.0003530341 0.015899136   0.391583864   0.411871973   0.42220196
mu[4]         0.59287642 0.0003203338 0.012854833   0.568034753   0.584264487   0.59299954
mu[5]         0.44386161 0.0002909931 0.013646883   0.417510222   0.434851846   0.44377777
mu[6]         0.70149821 0.0004135303 0.015375316   0.670795971   0.691038332   0.70167736
mu[7]         0.15656470 0.0002897537 0.013087039   0.131712271   0.147826418   0.15618559
mu[8]         0.51656339 0.0006034071 0.022174731   0.473513182   0.501281429   0.51665095
mu[9]         0.35117208 0.0004092834 0.017728255   0.316444749   0.339081770   0.35065729
mu[10]        0.70387985 0.0004911686 0.018300150   0.667916005   0.691097460   0.70433314
mu[11]        0.29182116 0.0003221022 0.013905603   0.264975203   0.282117391   0.29155946
mu[12]        0.23626399 0.0002706921 0.011250654   0.214941203   0.228529707   0.23627485
mu[13]        0.52246766 0.0004991407 0.018247968   0.486794051   0.509913625   0.52231358
mu[14]        0.47966269 0.0002501419 0.010909784   0.458953164   0.472105740   0.47962825
mu[15]        0.45997071 0.0002652206 0.012852286   0.435067663   0.451147833   0.45985421
mu[16]        0.33213431 0.0002350329 0.011629081   0.309239743   0.324510172   0.33215787
mu[17]        0.66259751 0.0003266974 0.013482521   0.636703496   0.653365138   0.66240887
mu[18]        0.45846608 0.0003330334 0.012726564   0.433806860   0.449898871   0.45855315
mu[19]        0.20347233 0.0002650448 0.011342167   0.181320017   0.195656783   0.20355845
mu[20]        0.37550019 0.0004282761 0.017327424   0.341718236   0.363855892   0.37506316
mu[21]        0.19820095 0.0002943880 0.011812427   0.174403046   0.190353756   0.19796780
mu[22]        0.32490723 0.0003190369 0.011956415   0.301711035   0.316630948   0.32472325
mu[23]        0.28568848 0.0003377067 0.012501811   0.260420251   0.277128054   0.28576247
mu[24]        0.36272589 0.0003810249 0.015226194   0.333817612   0.352388880   0.36268616
mu[25]        0.40376246 0.0004439024 0.019414365   0.366679797   0.390552956   0.40399358
mu[26]        0.42822726 0.0002158880 0.010108079   0.408606914   0.421515124   0.42804106
mu[27]        0.48002672 0.0001649379 0.008283142   0.464060908   0.474565282   0.48008111
phi[1]        4.60720793 0.0057023715 0.228606098   4.170852089   4.448008285   4.60403566
phi[2]        4.60720793 0.0057023715 0.228606098   4.170852089   4.448008285   4.60403566
phi[3]        4.60720793 0.0057023715 0.228606098   4.170852089   4.448008285   4.60403566
phi[4]        4.60720793 0.0057023715 0.228606098   4.170852089   4.448008285   4.60403566
phi[5]        4.60720793 0.0057023715 0.228606098   4.170852089   4.448008285   4.60403566
phi[6]        4.60720793 0.0057023715 0.228606098   4.170852089   4.448008285   4.60403566
phi[7]        4.60720793 0.0057023715 0.228606098   4.170852089   4.448008285   4.60403566
phi[8]        4.60720793 0.0057023715 0.228606098   4.170852089   4.448008285   4.60403566
phi[9]        4.60720793 0.0057023715 0.228606098   4.170852089   4.448008285   4.60403566
phi[10]       4.60720793 0.0057023715 0.228606098   4.170852089   4.448008285   4.60403566
phi[11]       4.60720793 0.0057023715 0.228606098   4.170852089   4.448008285   4.60403566
phi[12]       4.60720793 0.0057023715 0.228606098   4.170852089   4.448008285   4.60403566
phi[13]       4.60720793 0.0057023715 0.228606098   4.170852089   4.448008285   4.60403566
phi[14]       4.60720793 0.0057023715 0.228606098   4.170852089   4.448008285   4.60403566
phi[15]       4.60720793 0.0057023715 0.228606098   4.170852089   4.448008285   4.60403566
phi[16]       4.60720793 0.0057023715 0.228606098   4.170852089   4.448008285   4.60403566
phi[17]       4.60720793 0.0057023715 0.228606098   4.170852089   4.448008285   4.60403566
phi[18]       4.60720793 0.0057023715 0.228606098   4.170852089   4.448008285   4.60403566
phi[19]       4.60720793 0.0057023715 0.228606098   4.170852089   4.448008285   4.60403566
phi[20]       4.60720793 0.0057023715 0.228606098   4.170852089   4.448008285   4.60403566
phi[21]       4.60720793 0.0057023715 0.228606098   4.170852089   4.448008285   4.60403566
phi[22]       4.60720793 0.0057023715 0.228606098   4.170852089   4.448008285   4.60403566
phi[23]       4.60720793 0.0057023715 0.228606098   4.170852089   4.448008285   4.60403566
phi[24]       4.60720793 0.0057023715 0.228606098   4.170852089   4.448008285   4.60403566
phi[25]       4.60720793 0.0057023715 0.228606098   4.170852089   4.448008285   4.60403566
phi[26]       4.60720793 0.0057023715 0.228606098   4.170852089   4.448008285   4.60403566
phi[27]       4.60720793 0.0057023715 0.228606098   4.170852089   4.448008285   4.60403566
A[1]          2.44649705 0.0032981676 0.132886394   2.190173776   2.353057214   2.44545846
A[2]          2.50038069 0.0035764547 0.138593487   2.238369554   2.403476847   2.50080531
A[3]          1.94643263 0.0028224093 0.117900181   1.723480902   1.866629852   1.94290292
A[4]          2.73174683 0.0040283970 0.152206911   2.442405672   2.622274391   2.73032496
A[5]          2.04481820 0.0028343020 0.116772753   1.823403543   1.964983511   2.04392197
A[6]          3.23232244 0.0048137781 0.182020870   2.885218678   3.100867016   3.23249997
A[7]          0.72049097 0.0012078787 0.060827367   0.605131839   0.677844954   0.72065381
A[8]          2.37965958 0.0038666850 0.151927046   2.075988427   2.277411392   2.37786605
A[9]          1.61742548 0.0026220999 0.107185149   1.409327762   1.544537555   1.61694470
A[10]         3.24349048 0.0051674232 0.191366057   2.879074924   3.106188709   3.24338813
A[11]         1.34387592 0.0019878756 0.083176679   1.185824724   1.286693542   1.34307312
A[12]         1.08782640 0.0014195993 0.063993629   0.969169747   1.043338245   1.08763852
A[13]         2.40687977 0.0036155139 0.141951271   2.122441284   2.309617399   2.40380301
A[14]         2.20987527 0.0030921732 0.119983624   1.986193416   2.125469304   2.21081712
A[15]         2.11905225 0.0028678145 0.118293391   1.892029625   2.037757180   2.11745574
A[16]         1.52955759 0.0017517538 0.081496062   1.378777666   1.472496302   1.52895119
A[17]         3.05305331 0.0043843599 0.169622384   2.726083942   2.932233274   3.05100620
A[18]         2.11216961 0.0031473362 0.118596080   1.889417109   2.029661368   2.11454751
A[19]         0.93668277 0.0012390692 0.058909601   0.824430781   0.895080314   0.93807745
A[20]         1.72954686 0.0026193841 0.109989033   1.513871293   1.655107091   1.72895993
A[21]         0.91236769 0.0013295956 0.059737772   0.800586122   0.869743839   0.91418814
A[22]         1.49647306 0.0022166250 0.084962050   1.337471450   1.438161613   1.49421554
A[23]         1.31570950 0.0020182630 0.078848398   1.165461169   1.261085111   1.31524647
A[24]         1.67047029 0.0022890902 0.097508031   1.484152150   1.603206801   1.66867523
A[25]         1.85958245 0.0027596042 0.119134815   1.634063032   1.775140584   1.85734521
A[26]         1.97271501 0.0025750240 0.104320284   1.774931312   1.900705721   1.97152074
A[27]         2.21140348 0.0028126400 0.112683783   2.000387344   2.131940953   2.20754714
B[1]          2.16071089 0.0027443508 0.119286332   1.932150327   2.079441533   2.15627586
B[2]          2.10682725 0.0026126353 0.115463778   1.891409757   2.026216338   2.10396069
B[3]          2.66077531 0.0037409890 0.154454464   2.367422257   2.553018148   2.65717717
B[4]          1.87546111 0.0024378121 0.106278104   1.680671783   1.801975900   1.87025344
B[5]          2.56238974 0.0034561054 0.144484810   2.290112796   2.461255879   2.55853001
B[6]          1.37488550 0.0022539902 0.093121595   1.202839632   1.309322501   1.37109429
B[7]          3.88671696 0.0055707111 0.217341864   3.472917771   3.733409767   3.88573589
B[8]          2.22754835 0.0040934855 0.153924200   1.923778648   2.120069116   2.22467829
B[9]          2.98978245 0.0043190875 0.177861263   2.645741108   2.866887980   2.98713492
B[10]         1.36371745 0.0024130145 0.100740174   1.176779595   1.295434342   1.36055259
B[11]         3.26333202 0.0045910450 0.185058962   2.908924880   3.133476811   3.26315283
B[12]         3.51938154 0.0049463598 0.194960118   3.149823698   3.381843847   3.52269704
B[13]         2.20032816 0.0037137748 0.141357819   1.924091918   2.100633075   2.19571188
B[14]         2.39733266 0.0030646201 0.129831180   2.152008569   2.308728470   2.39487043
                     75%        97.5%    n_eff      Rhat
alpha        -0.06288717   0.84653134 1171.537 1.0002628
delta         1.56054964   1.62203301 1602.510 0.9996831
beta[1]     -19.22682384 -17.93945470 1366.659 0.9998244
beta[2]      11.75316552  13.03807714 1307.704 1.0001001
beta[3]       8.37942089   9.52487816 1348.653 0.9999022
mu[1]         0.53871933   0.55427262 2563.064 0.9996309
mu[2]         0.55090839   0.56591751 2179.345 0.9998960
mu[3]         0.43343904   0.45406228 2028.213 0.9999964
mu[4]         0.60150753   0.61802786 1610.377 0.9996122
mu[5]         0.45310500   0.47096699 2199.386 1.0000240
mu[6]         0.71168219   0.73155039 1382.399 0.9998497
mu[7]         0.16543105   0.18191169 2039.975 0.9996030
mu[8]         0.53139882   0.55962672 1350.504 0.9997725
mu[9]         0.36366750   0.38584201 1876.220 0.9996277
mu[10]        0.71667322   0.73828686 1388.188 0.9996051
mu[11]        0.30142136   0.31861009 1863.770 0.9997326
mu[12]        0.24380992   0.25823637 1727.446 0.9998601
mu[13]        0.53487057   0.55904921 1336.544 0.9998907
mu[14]        0.48709559   0.50051502 1902.214 1.0001033
mu[15]        0.46852160   0.48583629 2348.260 0.9998893
mu[16]        0.34019784   0.35460730 2448.125 0.9996158
mu[17]        0.67178889   0.68888732 1703.142 0.9997005
mu[18]        0.46728194   0.48295704 1460.315 1.0000482
mu[19]        0.21124911   0.22540761 1831.275 0.9997135
mu[20]        0.38701645   0.40977717 1636.893 0.9996611
mu[21]        0.20599280   0.22204137 1610.045 0.9996677
mu[22]        0.33333492   0.34883242 1404.495 1.0003585
mu[23]        0.29425787   0.31068547 1370.461 1.0004374
mu[24]        0.37333358   0.39258059 1596.894 0.9997943
mu[25]        0.41686273   0.44130836 1912.809 0.9999522
mu[26]        0.43514805   0.44851012 2192.200 1.0001336
mu[27]        0.48541439   0.49654527 2522.024 0.9995999
phi[1]        4.76143761   5.06337389 1607.180 0.9996682
phi[2]        4.76143761   5.06337389 1607.180 0.9996682
phi[3]        4.76143761   5.06337389 1607.180 0.9996682
phi[4]        4.76143761   5.06337389 1607.180 0.9996682
phi[5]        4.76143761   5.06337389 1607.180 0.9996682
phi[6]        4.76143761   5.06337389 1607.180 0.9996682
phi[7]        4.76143761   5.06337389 1607.180 0.9996682
phi[8]        4.76143761   5.06337389 1607.180 0.9996682
phi[9]        4.76143761   5.06337389 1607.180 0.9996682
phi[10]       4.76143761   5.06337389 1607.180 0.9996682
phi[11]       4.76143761   5.06337389 1607.180 0.9996682
phi[12]       4.76143761   5.06337389 1607.180 0.9996682
phi[13]       4.76143761   5.06337389 1607.180 0.9996682
phi[14]       4.76143761   5.06337389 1607.180 0.9996682
phi[15]       4.76143761   5.06337389 1607.180 0.9996682
phi[16]       4.76143761   5.06337389 1607.180 0.9996682
phi[17]       4.76143761   5.06337389 1607.180 0.9996682
phi[18]       4.76143761   5.06337389 1607.180 0.9996682
phi[19]       4.76143761   5.06337389 1607.180 0.9996682
phi[20]       4.76143761   5.06337389 1607.180 0.9996682
phi[21]       4.76143761   5.06337389 1607.180 0.9996682
phi[22]       4.76143761   5.06337389 1607.180 0.9996682
phi[23]       4.76143761   5.06337389 1607.180 0.9996682
phi[24]       4.76143761   5.06337389 1607.180 0.9996682
phi[25]       4.76143761   5.06337389 1607.180 0.9996682
phi[26]       4.76143761   5.06337389 1607.180 0.9996682
phi[27]       4.76143761   5.06337389 1607.180 0.9996682
A[1]          2.53904019   2.70508446 1623.363 0.9996316
A[2]          2.59510033   2.77256559 1501.690 0.9996001
A[3]          2.02603786   2.18423318 1744.974 0.9996217
A[4]          2.83890805   3.03796734 1427.592 0.9996280
A[5]          2.12348270   2.27912407 1697.426 0.9996105
A[6]          3.35829412   3.58673001 1429.783 0.9997657
A[7]          0.76035163   0.83847445 2536.013 0.9996352
A[8]          2.48121723   2.66772308 1543.806 0.9998570
A[9]          1.68991322   1.83546596 1670.978 0.9996000
A[10]         3.37898135   3.62267358 1371.456 0.9996265
A[11]         1.39775409   1.50892524 1750.753 0.9996146
A[12]         1.13015352   1.21682522 2032.085 0.9996480
A[13]         2.50119549   2.67921997 1541.482 0.9999015
A[14]         2.29249008   2.44808495 1505.623 0.9996045
A[15]         2.19751295   2.35577720 1701.449 0.9996002
A[16]         1.58387390   1.69033320 2164.348 0.9996876
A[17]         3.17122555   3.37878656 1496.766 0.9997212
A[18]         2.19463918   2.34822425 1419.889 0.9996153
A[19]         0.97683535   1.05231702 2260.378 0.9996127
A[20]         1.80404755   1.94347158 1763.195 0.9996042
A[21]         0.95361647   1.02868707 2018.640 0.9996010
A[22]         1.55605985   1.67102330 1469.148 0.9997247
A[23]         1.37019509   1.47779382 1526.266 0.9997979
A[24]         1.73593663   1.86627352 1814.492 0.9998839
A[25]         1.93918326   2.09601713 1863.733 0.9999723
A[26]         2.04253577   2.18076093 1641.251 0.9996056
A[27]         2.29101447   2.43269211 1605.072 0.9996592
B[1]          2.24041694   2.40443134 1889.305 0.9996915
B[2]          2.18132822   2.34483754 1953.143 0.9998529
B[3]          2.76582781   2.96336913 1704.622 0.9998493
B[4]          1.94585871   2.10236177 1900.584 0.9997038
B[5]          2.65968581   2.84878111 1747.714 0.9998468
B[6]          1.43458348   1.56698368 1706.856 0.9996237
B[7]          4.03477168   4.31897526 1522.178 0.9996494
B[8]          2.33249251   2.52821333 1413.928 0.9996125
B[9]          3.10888647   3.35218978 1695.816 0.9997092
B[10]         1.42889692   1.57016450 1742.952 0.9996804
B[11]         3.38779845   3.63876316 1624.790 0.9997423
B[12]         3.65281281   3.89865484 1553.532 0.9997431
B[13]         2.29922053   2.48302125 1448.800 0.9996165
B[14]         2.48296304   2.66241065 1794.753 0.9998731
 [ reached getOption("max.print") -- omitted 44 rows ]

WAIC and LOOIC Results:
WAIC: -14.87079 
LOOIC: -14.87027 
EAIC: -5.054554 
EBIC: 1.42463 
